r_start [cm] , z_start [cm] , r_end [cm] , t_end [us] , E_start [V/cm], Er_start [V/cm] , Ez_start [V/cm]
0.5,0,NaN,NaN,925.8,106.97,919.6
0.5,1,0.48816,318,165.11,-2.0427,-165.1
0.5,2,0.4865,311,163.26,-0.15694,-163.26
0.5,3,0.48705,304,163.13,0.025829,-163.13
0.5,4,0.4876,298,163.36,0.077374,-163.36
0.5,5,0.48737,291,163.73,0.10512,-163.73
0.5,6,0.48655,284,164.19,0.1257,-164.19
0.5,7,0.48739,277,164.73,0.14188,-164.73
0.5,8,0.48813,271,165.33,0.15623,-165.33
0.5,9,0.48652,264,165.98,0.16781,-165.98
0.5,10,0.48686,257,166.67,0.17779,-166.67
0.5,11,0.48761,250,167.4,0.18579,-167.4
0.5,12,0.48742,244,168.16,0.1924,-168.15
0.5,13,0.48648,237,168.94,0.19798,-168.94
0.5,14,0.48758,230,169.74,0.20232,-169.74
0.5,15,0.48814,224,170.55,0.20605,-170.55
0.5,16,0.48624,217,171.38,0.20909,-171.38
0.5,17,0.48744,210,172.22,0.21191,-172.22
0.5,18,0.4884,204,173.08,0.21484,-173.08
0.5,19,0.48612,197,173.94,0.21772,-173.94
0.5,20,0.48737,190,174.82,0.22095,-174.82
0.5,21,0.48847,184,175.71,0.22466,-175.71
0.5,22,0.48601,177,176.62,0.2288,-176.62
0.5,23,0.48751,170,177.54,0.23365,-177.54
0.5,24,0.48833,164,178.49,0.23909,-178.49
0.5,25,0.48593,157,179.45,0.24436,-179.45
0.5,26,0.48783,150,180.45,0.25094,-180.44
0.5,27,0.48734,144,181.46,0.2579,-181.46
0.5,28,0.48627,137,182.51,0.26491,-182.51
0.5,29,0.48812,131,183.58,0.272,-183.58
0.5,30,0.48547,124,184.68,0.27918,-184.68
0.5,31,0.48744,117,185.82,0.28602,-185.82
0.5,32,0.48788,111,186.97,0.29185,-186.97
0.5,33,0.48575,104,188.15,0.29706,-188.15
0.5,34,0.48814,98,189.35,0.30063,-189.35
0.5,35,0.4848,91,190.56,0.30266,-190.55
0.5,36,0.48784,84,191.77,0.30218,-191.77
0.5,37,0.48616,78,192.97,0.29897,-192.97
0.5,38,0.48697,71,194.15,0.29279,-194.15
0.5,39,0.48792,65,195.31,0.28242,-195.31
0.5,40,0.48579,58,196.41,0.26937,-196.41
0.5,41,0.48839,52,197.45,0.25132,-197.45
0.5,42,0.48488,45,198.41,0.22702,-198.41
0.5,43,0.48836,39,199.27,0.19916,-199.27
0.5,44,0.48427,32,199.99,0.16184,-199.99
0.5,45,0.48822,25,200.54,0.10487,-200.54
0.5,46,0.48391,19,200.76,-0.025629,-200.76
0.5,47,0.48822,12,199.96,-0.70968,-199.95
0.5,48,0.48511,6,199.13,-10.077,-198.88
0.5,49,0.50103,1,2975.2,-12.744,-2975.2
1.5,0,NaN,NaN,920.48,39.029,919.65
1.5,1,1.4939,318,162.5,-0.5808,-162.5
1.5,2,1.4974,311,162.83,-0.098086,-162.83
1.5,3,1.4905,304,163.01,0.13051,-163.01
1.5,4,1.488,298,163.3,0.24385,-163.3
1.5,5,1.4962,291,163.69,0.32026,-163.68
1.5,6,1.495,284,164.16,0.37953,-164.16
1.5,7,1.4893,278,164.7,0.42777,-164.7
1.5,8,1.4908,271,165.3,0.47037,-165.3
1.5,9,1.4977,264,165.96,0.50563,-165.96
1.5,10,1.4929,257,166.65,0.53497,-166.65
1.5,11,1.4891,251,167.38,0.55898,-167.38
1.5,12,1.4947,244,168.14,0.57832,-168.14
1.5,13,1.4955,237,168.93,0.59426,-168.93
1.5,14,1.4908,231,169.73,0.60729,-169.73
1.5,15,1.4922,224,170.55,0.61805,-170.55
1.5,16,1.497,217,171.38,0.62732,-171.38
1.5,17,1.4924,210,172.22,0.63581,-172.22
1.5,18,1.4914,204,173.07,0.64414,-173.07
1.5,19,1.4975,197,173.94,0.65291,-173.94
1.5,20,1.493,190,174.81,0.66263,-174.81
1.5,21,1.4917,184,175.71,0.67355,-175.7
1.5,22,1.4974,177,176.61,0.68595,-176.61
1.5,23,1.4931,170,177.53,0.70009,-177.53
1.5,24,1.4927,164,178.48,0.71599,-178.48
1.5,25,1.4968,157,179.44,0.73346,-179.44
1.5,26,1.4929,150,180.43,0.75268,-180.43
1.5,27,1.4946,144,181.45,0.77337,-181.45
1.5,28,1.4955,137,182.5,0.7946,-182.49
1.5,29,1.4928,131,183.57,0.81619,-183.57
1.5,30,1.4966,124,184.67,0.83802,-184.67
1.5,31,1.4939,117,185.8,0.85852,-185.8
1.5,32,1.494,111,186.96,0.87685,-186.96
1.5,33,1.4956,104,188.14,0.89244,-188.14
1.5,34,1.4936,97,189.34,0.90359,-189.34
1.5,35,1.4962,91,190.56,0.90954,-190.55
1.5,36,1.4941,84,191.77,0.90854,-191.77
1.5,37,1.4954,78,192.98,0.89938,-192.98
1.5,38,1.4944,71,194.17,0.88062,-194.17
1.5,39,1.4948,65,195.33,0.85125,-195.33
1.5,40,1.4946,58,196.45,0.80915,-196.44
1.5,41,1.4947,52,197.5,0.75599,-197.5
1.5,42,1.4944,45,198.47,0.68714,-198.46
1.5,43,1.4947,38,199.33,0.60091,-199.33
1.5,44,1.4942,32,200.08,0.49549,-200.08
1.5,45,1.4947,25,200.67,0.34902,-200.67
1.5,46,1.4941,19,201.09,0.10396,-201.09
1.5,47,1.4947,12,201.37,-0.44052,-201.37
1.5,48,1.4945,6,205.65,-0.47462,-205.65
1.5,49,1.4999,1,2970.4,0.71023,-2970.4
2.5,0,NaN,NaN,919.78,23.507,919.48
2.5,1,2.4879,320,162.32,-0.015649,-162.32
2.5,2,2.4989,313,162.59,0.1293,-162.59
2.5,3,2.4875,307,162.86,0.29616,-162.86
2.5,4,2.4882,300,163.19,0.43275,-163.19
2.5,5,2.4964,292,163.6,0.54512,-163.6
2.5,6,2.496,286,164.09,0.6398,-164.09
2.5,7,2.4992,279,164.64,0.72038,-164.64
2.5,8,2.4997,272,165.25,0.78939,-165.25
2.5,9,2.4857,265,165.92,0.84731,-165.91
2.5,10,2.4967,258,166.62,0.89557,-166.62
2.5,11,2.4976,252,167.36,0.93512,-167.35
2.5,12,2.495,245,168.12,0.96699,-168.12
2.5,13,2.4871,238,168.91,0.99276,-168.91
2.5,14,2.496,231,169.72,1.0137,-169.71
2.5,15,2.4956,224,170.54,1.0311,-170.53
2.5,16,2.4913,218,171.37,1.046,-171.37
2.5,17,2.4909,211,172.21,1.0597,-172.21
2.5,18,2.4965,204,173.06,1.0733,-173.06
2.5,19,2.4946,197,173.93,1.0875,-173.92
2.5,20,2.4883,191,174.8,1.1034,-174.8
2.5,21,2.4967,184,175.69,1.1215,-175.69
2.5,22,2.4965,177,176.6,1.1419,-176.59
2.5,23,2.4892,171,177.52,1.1655,-177.51
2.5,24,2.4967,164,178.46,1.1918,-178.45
2.5,25,2.4972,157,179.42,1.2215,-179.42
2.5,26,2.4905,151,180.41,1.2534,-180.41
2.5,27,2.497,144,181.42,1.2881,-181.42
2.5,28,2.4964,137,182.47,1.3244,-182.46
2.5,29,2.4918,131,183.54,1.3609,-183.54
2.5,30,2.4992,124,184.65,1.3973,-184.64
2.5,31,2.4951,117,185.78,1.4324,-185.78
2.5,32,2.4944,111,186.94,1.4642,-186.94
2.5,33,2.4984,104,188.13,1.4909,-188.12
2.5,34,2.4941,98,189.34,1.5107,-189.33
2.5,35,2.4992,91,190.56,1.5214,-190.55
2.5,36,2.4957,84,191.78,1.521,-191.78
2.5,37,2.4971,78,193,1.5072,-193
2.5,38,2.4969,71,194.21,1.4766,-194.2
2.5,39,2.496,65,195.38,1.4288,-195.38
2.5,40,2.4976,58,196.51,1.361,-196.51
2.5,41,2.4962,52,197.58,1.2713,-197.57
2.5,42,2.4974,45,198.57,1.1587,-198.57
2.5,43,2.4965,38,199.46,1.0207,-199.46
2.5,44,2.497,32,200.23,0.85338,-200.23
2.5,45,2.4966,25,200.88,0.65038,-200.88
2.5,46,2.4966,19,201.4,0.39569,-201.4
2.5,47,2.4967,12,201.84,0.099803,-201.84
2.5,48,2.4965,6,205.44,0.31524,-205.44
2.5,49,2.4999,1,2970.4,0.9788,-2970.4
3.5,0,NaN,NaN,919.65,16.866,919.49
3.5,1,2.9957,318,162.21,0.15371,-162.21
3.5,2,2.9954,311,162.42,0.30594,-162.42
3.5,3,3.003,305,162.7,0.47528,-162.7
3.5,4,3.0012,298,163.05,0.63695,-163.05
3.5,5,2.9944,291,163.48,0.78222,-163.48
3.5,6,2.9995,284,163.98,0.91007,-163.98
3.5,7,3.0052,278,164.55,1.0214,-164.55
3.5,8,2.9962,271,165.18,1.1165,-165.18
3.5,9,2.9979,264,165.85,1.197,-165.85
3.5,10,3.0058,258,166.57,1.2631,-166.56
3.5,11,2.9969,251,167.32,1.3172,-167.31
3.5,12,2.9991,244,168.09,1.3602,-168.09
3.5,13,3.0062,238,168.89,1.3953,-168.88
3.5,14,2.9972,231,169.7,1.4231,-169.69
3.5,15,2.9948,225,170.52,1.446,-170.51
3.5,16,2.9998,218,171.36,1.4657,-171.35
3.5,17,2.9938,212,172.2,1.4838,-172.19
3.5,18,3.0005,205,173.05,1.5017,-173.05
3.5,19,3.0052,200,173.91,1.521,-173.91
3.5,20,3.4916,193,174.79,1.5425,-174.78
3.5,21,3.5,185,175.67,1.5674,-175.67
3.5,22,3.4963,178,176.57,1.5958,-176.57
3.5,23,3.4975,172,177.49,1.6284,-177.48
3.5,24,3.4973,165,178.43,1.6656,-178.42
3.5,25,3.4901,158,179.39,1.7071,-179.38
3.5,26,3.4959,151,180.37,1.7527,-180.36
3.5,27,3.4972,144,181.39,1.8015,-181.38
3.5,28,3.4914,138,182.43,1.8531,-182.42
3.5,29,3.4952,131,183.5,1.9057,-183.49
3.5,30,3.5001,124,184.61,1.9582,-184.6
3.5,31,3.4915,118,185.75,2.0085,-185.73
3.5,32,3.4969,111,186.91,2.0548,-186.9
3.5,33,3.4984,104,188.11,2.0943,-188.09
3.5,34,3.4929,98,189.32,2.1245,-189.31
3.5,35,3.5005,91,190.55,2.1421,-190.54
3.5,36,3.4959,84,191.79,2.1437,-191.78
3.5,37,3.4977,78,193.03,2.1263,-193.02
3.5,38,3.4979,71,194.26,2.0865,-194.25
3.5,39,3.4962,65,195.46,2.0213,-195.45
3.5,40,3.4992,58,196.61,1.9281,-196.6
3.5,41,3.4967,52,197.7,1.8042,-197.7
3.5,42,3.4992,45,198.72,1.6484,-198.71
3.5,43,3.4972,38,199.64,1.4601,-199.63
3.5,44,3.4986,32,200.45,1.236,-200.44
3.5,45,3.4975,25,201.13,0.97967,-201.13
3.5,46,3.498,19,201.68,0.69476,-201.68
3.5,47,3.4976,12,202.1,0.40502,-202.1
3.5,48,3.4977,6,205.51,0.4382,-205.51
3.5,49,3.4999,1,2970.5,0.76556,-2970.5
4.5,0,NaN,NaN,919.71,13.15,919.62
4.5,1,3.9979,318,162.05,0.24279,-162.05
4.5,2,3.9957,311,162.24,0.44701,-162.24
4.5,3,3.9977,304,162.52,0.65322,-162.51
4.5,4,3.9988,298,162.88,0.8503,-162.88
4.5,5,3.9969,291,163.33,1.0314,-163.33
4.5,6,3.9957,284,163.85,1.1934,-163.85
4.5,7,3.9986,277,164.44,1.334,-164.43
4.5,8,3.9995,271,165.08,1.4553,-165.08
4.5,9,3.9949,264,165.77,1.5558,-165.77
4.5,10,3.9978,257,166.51,1.6397,-166.5
4.5,11,4.0009,251,167.27,1.707,-167.26
4.5,12,3.9969,244,168.05,1.7604,-168.04
4.5,13,3.9966,237,168.86,1.8027,-168.85
4.5,14,4.0023,231,169.67,1.8362,-169.66
4.5,15,3.9983,224,170.5,1.8632,-170.49
4.5,16,3.9967,217,171.34,1.8865,-171.33
4.5,17,4.0053,211,172.18,1.9079,-172.17
4.5,18,3.9968,204,173.04,1.9293,-173.02
4.5,19,3.9995,197,173.9,1.9526,-173.88
4.5,20,4.0046,191,174.77,1.979,-174.75
4.5,21,3.9984,184,175.65,2.0102,-175.64
4.5,22,4.0043,178,176.54,2.046,-176.53
4.5,23,3.9978,171,177.46,2.0882,-177.44
4.5,24,3.9948,165,178.39,2.1359,-178.37
4.5,25,3.9982,159,179.34,2.1897,-179.33
4.5,26,3.9959,154,180.32,2.249,-180.31
4.5,27,4.4988,145,181.33,2.3131,-181.32
4.5,28,4.4981,139,182.37,2.3804,-182.36
4.5,29,4.4987,132,183.45,2.4502,-183.43
4.5,30,4.4937,125,184.56,2.5201,-184.54
4.5,31,4.4916,118,185.7,2.5881,-185.68
4.5,32,4.4982,111,186.87,2.6507,-186.85
4.5,33,4.4951,104,188.07,2.705,-188.05
4.5,34,4.4923,98,189.3,2.7475,-189.28
4.5,35,4.5016,91,190.55,2.7745,-190.53
4.5,36,4.4942,84,191.81,2.7806,-191.79
4.5,37,4.4978,78,193.07,2.7625,-193.05
4.5,38,4.498,71,194.32,2.7153,-194.3
4.5,39,4.4958,65,195.55,2.6345,-195.53
4.5,40,4.5,58,196.74,2.5186,-196.72
4.5,41,4.4967,52,197.87,2.3616,-197.85
4.5,42,4.5002,45,198.92,2.1629,-198.91
4.5,43,4.4975,38,199.88,1.923,-199.87
4.5,44,4.4994,32,200.72,1.6419,-200.71
4.5,45,4.4979,25,201.43,1.3246,-201.43
4.5,46,4.4986,19,202,0.9777,-202
4.5,47,4.4981,12,202.42,0.61874,-202.42
4.5,48,4.4982,6,205.82,0.45781,-205.81
4.5,49,4.4999,1,2970.4,0.69889,-2970.4
5.5,0,NaN,NaN,919.62,10.72,919.56
5.5,1,4.9978,318,161.81,0.31579,-161.81
5.5,2,5.0015,311,162,0.57853,-162
5.5,3,4.9979,304,162.29,0.83342,-162.29
5.5,4,4.9965,298,162.67,1.0736,-162.67
5.5,5,4.9996,291,163.14,1.2938,-163.14
5.5,6,5.0003,284,163.69,1.4908,-163.68
5.5,7,4.9977,277,164.3,1.6623,-164.29
5.5,8,4.9979,271,164.96,1.8083,-164.95
5.5,9,5,264,165.68,1.9295,-165.67
5.5,10,4.9985,257,166.43,2.0285,-166.41
5.5,11,4.9983,250,167.21,2.1073,-167.19
5.5,12,4.9985,244,168.01,2.1688,-167.99
5.5,13,4.9975,237,168.82,2.2168,-168.81
5.5,14,4.9987,230,169.65,2.2539,-169.63
5.5,15,4.9989,224,170.48,2.2835,-170.47
5.5,16,4.9958,217,171.32,2.3085,-171.31
5.5,17,4.9991,210,172.17,2.3317,-172.15
5.5,18,5.0006,204,173.02,2.3555,-173
5.5,19,4.995,197,173.87,2.3818,-173.86
5.5,20,5.0003,190,174.74,2.4125,-174.72
5.5,21,5.0018,184,175.62,2.4491,-175.6
5.5,22,4.9956,177,176.51,2.4924,-176.49
5.5,23,5.0053,171,177.41,2.5437,-177.39
5.5,24,4.9971,164,178.34,2.6018,-178.32
5.5,25,5.0015,157,179.29,2.6679,-179.27
5.5,26,5.0004,151,180.26,2.7415,-180.24
5.5,27,5.0002,145,181.27,2.8213,-181.25
5.5,28,5.0019,138,182.3,2.9064,-182.28
5.5,29,4.9961,132,183.38,2.9946,-183.35
5.5,30,4.9995,126,184.49,3.0836,-184.46
5.5,31,5.501,119,185.63,3.1709,-185.6
5.5,32,5.5006,112,186.81,3.2525,-186.78
5.5,33,5.4899,105,188.02,3.3247,-187.99
5.5,34,5.4979,98,189.27,3.3823,-189.24
5.5,35,5.4986,91,190.54,3.4224,-190.51
5.5,36,5.4911,85,191.82,3.4364,-191.79
5.5,37,5.4996,78,193.11,3.4203,-193.08
5.5,38,5.4977,71,194.4,3.3691,-194.37
5.5,39,5.4952,65,195.67,3.2768,-195.64
5.5,40,5.5005,58,196.9,3.1378,-196.87
5.5,41,5.4964,52,198.07,2.9498,-198.05
5.5,42,5.501,45,199.17,2.7099,-199.15
5.5,43,5.4976,38,200.17,2.4156,-200.16
5.5,44,5.5002,32,201.06,2.0731,-201.05
5.5,45,5.4982,25,201.81,1.6846,-201.8
5.5,46,5.4991,19,202.4,1.2599,-202.4
5.5,47,5.4984,12,202.83,0.80992,-202.82
5.5,48,5.4986,6,206.11,0.5222,-206.11
5.5,49,5.5,1,2970.5,0.50262,-2970.5
6.5,0,NaN,NaN,919.82,9.1059,919.78
6.5,1,5.998,318,161.51,0.38813,-161.51
6.5,2,5.9947,311,161.72,0.71234,-161.71
6.5,3,5.99,305,162.02,1.0222,-162.01
6.5,4,5.9978,298,162.42,1.3114,-162.42
6.5,5,6.0003,291,162.91,1.5746,-162.91
6.5,6,5.9965,284,163.49,1.8076,-163.48
6.5,7,5.9914,278,164.13,2.0096,-164.12
6.5,8,5.9966,271,164.82,2.1798,-164.81
6.5,9,6.0016,264,165.56,2.3196,-165.55
6.5,10,5.9978,257,166.34,2.4323,-166.32
6.5,11,5.9952,251,167.14,2.5204,-167.12
6.5,12,5.9992,244,167.96,2.5879,-167.94
6.5,13,6.0005,237,168.78,2.6389,-168.76
6.5,14,5.9975,230,169.62,2.6772,-169.6
6.5,15,5.9982,224,170.46,2.707,-170.44
6.5,16,6.0001,217,171.3,2.7319,-171.28
6.5,17,5.9984,210,172.15,2.755,-172.13
6.5,18,5.9986,204,173,2.7794,-172.98
6.5,19,5.9975,197,173.85,2.8075,-173.83
6.5,20,5.9986,190,174.71,2.8415,-174.69
6.5,21,5.9996,184,175.58,2.8826,-175.56
6.5,22,5.9955,177,176.46,2.9328,-176.44
6.5,23,5.9995,170,177.36,2.9921,-177.33
6.5,24,6.0011,164,178.28,3.0616,-178.25
6.5,25,5.996,157,179.22,3.1405,-179.19
6.5,26,6.0038,151,180.19,3.2293,-180.16
6.5,27,5.9967,144,181.18,3.3262,-181.15
6.5,28,6.0023,137,182.22,3.43,-182.18
6.5,29,5.9994,131,183.29,3.5385,-183.25
6.5,30,6.002,124,184.4,3.649,-184.36
6.5,31,5.9984,118,185.54,3.7577,-185.51
6.5,32,5.996,112,186.73,3.8612,-186.69
6.5,33,6.5018,106,187.96,3.9546,-187.92
6.5,34,6.5018,99,189.22,4.0314,-189.18
6.5,35,6.4942,92,190.51,4.0877,-190.47
6.5,36,6.4916,85,191.83,4.1146,-191.79
6.5,37,6.5,78,193.16,4.1056,-193.12
6.5,38,6.4958,71,194.49,4.0538,-194.45
6.5,39,6.4943,65,195.8,3.9519,-195.76
6.5,40,6.5006,58,197.09,3.7963,-197.05
6.5,41,6.4959,52,198.32,3.5777,-198.28
6.5,42,6.5017,45,199.47,3.295,-199.44
6.5,43,6.4975,38,200.53,2.9478,-200.51
6.5,44,6.5007,32,201.47,2.5378,-201.45
6.5,45,6.4983,25,202.26,2.0712,-202.25
6.5,46,6.4995,19,202.89,1.556,-202.88
6.5,47,6.4986,12,203.34,1.0047,-203.34
6.5,48,6.4989,6,206.74,0.55811,-206.74
6.5,49,6.5,1,2970.8,0.44285,-2970.8
7.5,0,NaN,NaN,920.09,7.6921,920.06
7.5,1,6.5006,319,161.15,0.46782,-161.15
7.5,2,6.5068,312,161.37,0.85613,-161.36
7.5,3,6.4988,305,161.69,1.2263,-161.69
7.5,4,6.4964,299,162.12,1.5687,-162.11
7.5,5,6.5055,292,162.65,1.8782,-162.64
7.5,6,6.4989,286,163.26,2.149,-163.24
7.5,7,6.4977,281,163.93,2.38,-163.92
7.5,8,6.9991,272,164.67,2.5746,-164.65
7.5,9,6.9862,265,165.44,2.7317,-165.42
7.5,10,6.996,258,166.24,2.855,-166.22
7.5,11,6.9987,251,167.07,2.9491,-167.04
7.5,12,6.9986,244,167.9,3.0193,-167.88
7.5,13,6.9953,237,168.75,3.0701,-168.72
7.5,14,6.9914,231,169.59,3.1068,-169.57
7.5,15,6.9977,224,170.44,3.1342,-170.41
7.5,16,7.0013,217,171.29,3.1563,-171.26
7.5,17,6.997,210,172.13,3.1772,-172.1
7.5,18,6.9967,204,172.98,3.2004,-172.95
7.5,19,7.0019,197,173.83,3.2287,-173.8
7.5,20,6.9985,190,174.68,3.2643,-174.65
7.5,21,6.9984,184,175.54,3.3098,-175.51
7.5,22,6.9998,177,176.41,3.3655,-176.38
7.5,23,6.9987,170,177.3,3.4338,-177.26
7.5,24,6.9991,164,178.2,3.5138,-178.17
7.5,25,6.9967,157,179.13,3.6062,-179.1
7.5,26,6.9997,150,180.09,3.7104,-180.05
7.5,27,6.9993,144,181.08,3.8251,-181.04
7.5,28,6.9975,137,182.11,3.9494,-182.07
7.5,29,7.0041,131,183.18,4.08,-183.13
7.5,30,6.9955,124,184.29,4.2143,-184.24
7.5,31,7.0066,118,185.44,4.3483,-185.39
7.5,32,6.999,111,186.64,4.4772,-186.58
7.5,33,7.008,105,187.88,4.5958,-187.82
7.5,34,6.9962,99,189.16,4.6974,-189.1
7.5,35,7.4986,93,190.48,4.7746,-190.42
7.5,36,7.4989,85,191.83,4.8196,-191.77
7.5,37,7.4978,78,193.2,4.8236,-193.14
7.5,38,7.4927,72,194.58,4.7771,-194.52
7.5,39,7.4969,65,195.95,4.6724,-195.9
7.5,40,7.5005,58,197.3,4.4997,-197.25
7.5,41,7.4953,52,198.59,4.2551,-198.55
7.5,42,7.5022,45,199.82,3.9306,-199.78
7.5,43,7.4975,38,200.95,3.5261,-200.92
7.5,44,7.5011,32,201.95,3.0447,-201.93
7.5,45,7.4985,25,202.8,2.4928,-202.79
7.5,46,7.4998,19,203.48,1.878,-203.47
7.5,47,7.4989,12,203.96,1.2151,-203.96
7.5,48,7.499,6,207.35,0.66338,-207.35
7.5,49,7.5,1,2970.6,0.45469,-2970.6
8.5,0,NaN,NaN,920.26,7.0187,920.23
8.5,1,7.4982,318,160.72,0.55356,-160.72
8.5,2,7.4963,311,160.95,1.0152,-160.95
8.5,3,7.5003,304,161.31,1.4513,-161.3
8.5,4,7.5026,298,161.77,1.8513,-161.76
8.5,5,7.497,291,162.34,2.2097,-162.32
8.5,6,7.4989,284,162.99,2.5205,-162.97
8.5,7,7.5053,278,163.71,2.7815,-163.69
8.5,8,7.4981,271,164.49,2.9978,-164.46
8.5,9,7.4995,264,165.3,3.1684,-165.27
8.5,10,7.5078,258,166.14,3.2985,-166.11
8.5,11,7.4992,251,166.99,3.3961,-166.96
8.5,12,7.5025,245,167.85,3.4645,-167.82
8.5,13,7.497,239,168.71,3.5123,-168.68
8.5,14,7.9986,232,169.57,3.5436,-169.54
8.5,15,8.0005,225,170.43,3.565,-170.39
8.5,16,7.992,218,171.28,3.5813,-171.24
8.5,17,7.9924,211,172.12,3.5975,-172.08
8.5,18,7.9994,204,172.96,3.6172,-172.93
8.5,19,8.0013,197,173.8,3.6439,-173.77
8.5,20,7.9953,190,174.65,3.68,-174.61
8.5,21,7.9956,184,175.49,3.7281,-175.46
8.5,22,8.0023,177,176.35,3.7895,-176.31
8.5,23,7.9983,170,177.23,3.8656,-177.19
8.5,24,7.9983,164,178.12,3.9561,-178.08
8.5,25,8.0005,157,179.04,4.0626,-178.99
8.5,26,7.9989,150,179.98,4.1832,-179.94
8.5,27,7.9989,144,180.96,4.3182,-180.91
8.5,28,7.9974,137,181.98,4.4629,-181.93
8.5,29,8.0006,130,183.04,4.6184,-182.99
8.5,30,7.9968,124,184.15,4.7792,-184.09
8.5,31,8.0001,117,185.31,4.9418,-185.24
8.5,32,8.0007,111,186.51,5.1009,-186.44
8.5,33,8.0008,104,187.77,5.2484,-187.69
8.5,34,7.9996,98,189.07,5.3807,-189
8.5,35,8.0035,92,190.42,5.4853,-190.34
8.5,36,8.0076,87,191.81,5.5554,-191.73
8.5,37,8.5012,79,193.23,5.5781,-193.15
8.5,38,8.4898,72,194.67,5.5443,-194.59
8.5,39,8.4989,65,196.11,5.442,-196.04
8.5,40,8.4992,58,197.53,5.2608,-197.46
8.5,41,8.494,52,198.91,4.9911,-198.85
8.5,42,8.5025,45,200.22,4.6255,-200.17
8.5,43,8.4972,38,201.43,4.1653,-201.39
8.5,44,8.5015,32,202.52,3.6092,-202.49
8.5,45,8.4985,25,203.44,2.9629,-203.42
8.5,46,8.5001,19,204.18,2.2368,-204.17
8.5,47,8.4989,12,204.71,1.4492,-204.7
8.5,48,8.4992,6,208.07,0.73263,-208.07
8.5,49,8.5,1,2970.9,0.46599,-2970.9
9.5,0,NaN,NaN,920.62,6.2862,920.59
9.5,1,8.5001,318,160.21,0.65195,-160.21
9.5,2,8.5006,311,160.47,1.1944,-160.46
9.5,3,8.4989,304,160.85,1.7039,-160.84
9.5,4,8.4989,298,161.37,2.1681,-161.35
9.5,5,8.4993,291,161.99,2.5772,-161.97
9.5,6,8.4984,284,162.7,2.9292,-162.67
9.5,7,8.4993,277,163.47,3.2208,-163.44
9.5,8,8.4997,271,164.3,3.4535,-164.26
9.5,9,8.4961,264,165.16,3.6361,-165.12
9.5,10,8.4991,257,166.04,3.7699,-165.99
9.5,11,8.5026,251,166.92,3.8641,-166.88
9.5,12,8.4978,244,167.81,3.9271,-167.76
9.5,13,8.5001,237,168.69,3.9653,-168.64
9.5,14,8.5055,231,169.56,3.9871,-169.52
9.5,15,8.4996,224,170.43,3.9988,-170.38
9.5,16,8.5071,218,171.28,4.0062,-171.23
9.5,17,8.496,212,172.12,4.0145,-172.07
9.5,18,8.9954,206,172.95,4.0283,-172.91
9.5,19,8.9978,198,173.78,4.0514,-173.74
9.5,20,8.9972,191,174.61,4.0862,-174.57
9.5,21,8.9991,184,175.45,4.136,-175.4
9.5,22,8.9989,177,176.29,4.202,-176.24
9.5,23,8.9932,171,177.15,4.2856,-177.1
9.5,24,8.9959,164,178.03,4.3866,-177.97
9.5,25,9.0021,157,178.93,4.5073,-178.87
9.5,26,8.9978,150,179.86,4.6451,-179.8
9.5,27,8.9989,144,180.83,4.7995,-180.76
9.5,28,9.0002,137,181.83,4.9699,-181.77
9.5,29,8.9991,130,182.89,5.1512,-182.81
9.5,30,8.9979,124,183.99,5.3417,-183.91
9.5,31,8.9988,117,185.15,5.5373,-185.06
9.5,32,9.0015,111,186.36,5.7313,-186.27
9.5,33,8.9965,104,187.63,5.9158,-187.54
9.5,34,9.0059,98,188.96,6.0818,-188.86
9.5,35,8.9986,91,190.34,6.2241,-190.24
9.5,36,9.0022,85,191.77,6.3262,-191.67
9.5,37,8.996,79,193.25,6.3775,-193.15
9.5,38,9.499,73,194.76,6.3638,-194.65
9.5,39,9.4989,65,196.28,6.2734,-196.18
9.5,40,9.4972,58,197.79,6.0878,-197.69
9.5,41,9.4924,52,199.27,5.8021,-199.18
9.5,42,9.5025,45,200.68,5.401,-200.61
9.5,43,9.4971,38,202,4.8805,-201.94
9.5,44,9.5018,32,203.18,4.2426,-203.14
9.5,45,9.4986,25,204.2,3.4932,-204.17
9.5,46,9.5004,19,205.01,2.644,-205
9.5,47,9.4991,12,205.59,1.7161,-205.59
9.5,48,9.4994,6,209.03,0.85835,-209.03
9.5,49,9.5,1,2970.9,0.43175,-2970.9
10.5,0,NaN,NaN,920.87,5.7566,920.85
10.5,1,9.5013,318,159.61,0.76494,-159.6
10.5,2,9.4968,311,159.9,1.4007,-159.89
10.5,3,9.4919,305,160.33,1.9932,-160.32
10.5,4,9.4961,298,160.9,2.5276,-160.88
10.5,5,9.5016,291,161.59,2.9933,-161.56
10.5,6,9.5002,284,162.37,3.3865,-162.33
10.5,7,9.497,277,163.21,3.7044,-163.17
10.5,8,9.4978,271,164.1,3.9532,-164.05
10.5,9,9.5018,264,165.01,4.1404,-164.96
10.5,10,9.4995,257,165.94,4.2709,-165.88
10.5,11,9.4992,250,166.86,4.357,-166.81
10.5,12,9.4987,244,167.78,4.4072,-167.72
10.5,13,9.4975,237,168.68,4.4312,-168.62
10.5,14,9.5005,230,169.57,4.4383,-169.51
10.5,15,9.5007,224,170.43,4.4351,-170.38
10.5,16,9.4966,217,171.29,4.4296,-171.23
10.5,17,9.5051,211,172.12,4.4271,-172.07
10.5,18,9.4983,204,172.95,4.4319,-172.89
10.5,19,9.5024,197,173.77,4.4494,-173.71
10.5,20,9.4993,191,174.58,4.4811,-174.52
10.5,21,9.4973,185,175.4,4.531,-175.34
10.5,22,9.9992,179,176.22,4.6004,-176.16
10.5,23,9.999,172,177.06,4.6912,-177
10.5,24,9.9986,164,177.92,4.8034,-177.86
10.5,25,9.997,157,178.8,4.9378,-178.73
10.5,26,9.9923,151,179.72,5.0936,-179.64
10.5,27,9.998,144,180.67,5.271,-180.59
10.5,28,10.001,137,181.66,5.4646,-181.58
10.5,29,9.9976,130,182.7,5.6774,-182.61
10.5,30,10,124,183.79,5.9013,-183.7
10.5,31,9.9991,117,184.95,6.133,-184.85
10.5,32,9.9996,111,186.17,6.366,-186.06
10.5,33,9.9961,104,187.45,6.5936,-187.34
10.5,34,10.001,97,188.8,6.8034,-188.68
10.5,35,9.9973,91,190.22,6.9886,-190.09
10.5,36,10.006,85,191.71,7.1345,-191.57
10.5,37,9.9999,78,193.24,7.2235,-193.11
10.5,38,9.9995,73,194.82,7.243,-194.69
10.5,39,10.503,66,196.43,7.1733,-196.3
10.5,40,10.494,59,198.05,6.9961,-197.92
10.5,41,10.494,52,199.65,6.6984,-199.53
10.5,42,10.502,45,201.19,6.2679,-201.09
10.5,43,10.497,38,202.63,5.688,-202.55
10.5,44,10.502,32,203.94,4.967,-203.88
10.5,45,10.499,25,205.07,4.1027,-205.03
10.5,46,10.501,19,205.98,3.1148,-205.96
10.5,47,10.499,12,206.64,2.0254,-206.63
10.5,48,10.499,6,210.08,0.96143,-210.07
10.5,49,10.5,1,2971,0.48919,-2971
11.5,0,NaN,NaN,921.27,5.3402,921.26
11.5,1,10.003,319,158.9,0.89921,-158.9
11.5,2,10.006,312,159.23,1.6423,-159.22
11.5,3,9.9987,306,159.73,2.3299,-159.71
11.5,4,9.9982,299,160.38,2.9428,-160.35
11.5,5,10.5,293,161.14,3.4684,-161.11
11.5,6,10.499,285,162.01,3.8999,-161.96
11.5,7,10.499,278,162.93,4.2451,-162.87
11.5,8,10.499,271,163.89,4.5031,-163.83
11.5,9,10.5,264,164.87,4.686,-164.81
11.5,10,10.496,257,165.85,4.8059,-165.78
11.5,11,10.495,251,166.82,4.8756,-166.75
11.5,12,10.5,244,167.77,4.906,-167.69
11.5,13,10.501,237,168.69,4.9096,-168.62
11.5,14,10.499,230,169.59,4.8955,-169.52
11.5,15,10.499,224,170.46,4.873,-170.39
11.5,16,10.498,217,171.31,4.8501,-171.24
11.5,17,10.5,210,172.14,4.8325,-172.07
11.5,18,10.501,204,172.95,4.8259,-172.89
11.5,19,10.496,197,173.76,4.835,-173.69
11.5,20,10.503,190,174.55,4.8618,-174.48
11.5,21,10.499,184,175.35,4.9104,-175.28
11.5,22,10.501,177,176.15,4.9829,-176.08
11.5,23,10.502,171,176.97,5.0794,-176.89
11.5,24,10.496,165,177.8,5.2025,-177.73
11.5,25,10.999,160,178.66,5.3518,-178.58
11.5,26,10.999,152,179.55,5.5261,-179.47
11.5,27,10.998,144,180.48,5.7253,-180.39
11.5,28,10.996,137,181.45,5.9483,-181.36
11.5,29,10.993,131,182.48,6.1918,-182.38
11.5,30,11.001,124,183.57,6.4532,-183.45
11.5,31,11,117,184.72,6.726,-184.59
11.5,32,10.999,111,185.94,7.0046,-185.8
11.5,33,10.999,104,187.23,7.2813,-187.09
11.5,34,11,97,188.61,7.5448,-188.46
11.5,35,10.998,91,190.06,7.7834,-189.9
11.5,36,11,84,191.59,7.9802,-191.43
11.5,37,10.999,78,193.2,8.1232,-193.03
11.5,38,11.006,72,194.86,8.1892,-194.69
11.5,39,10.999,66,196.58,8.1553,-196.41
11.5,40,11.496,59,198.32,8.0002,-198.16
11.5,41,11.497,52,200.05,7.7057,-199.9
11.5,42,11.503,45,201.74,7.2468,-201.61
11.5,43,11.496,38,203.34,6.6152,-203.24
11.5,44,11.501,32,204.81,5.8019,-204.73
11.5,45,11.499,25,206.09,4.8143,-206.03
11.5,46,11.5,19,207.12,3.6665,-207.09
11.5,47,11.499,12,207.87,2.3903,-207.86
11.5,48,11.499,6,211.44,1.0297,-211.44
11.5,49,11.5,1,2971.3,0.37779,-2971.3
12.5,0,NaN,NaN,921.59,4.8897,921.57
12.5,1,10.996,318,158.07,1.0597,-158.07
12.5,2,10.998,311,158.46,1.9309,-158.44
12.5,3,11.001,304,159.03,2.7288,-159.01
12.5,4,11.002,298,159.78,3.4294,-159.74
12.5,5,10.996,291,160.65,4.017,-160.6
12.5,6,11.002,284,161.62,4.4904,-161.56
12.5,7,11.004,278,162.64,4.8505,-162.57
12.5,8,11,271,163.69,5.1089,-163.61
12.5,9,11.007,265,164.75,5.2814,-164.66
12.5,10,10.999,260,165.79,5.3811,-165.7
12.5,11,11.502,252,166.8,5.4247,-166.71
12.5,12,11.498,244,167.78,5.4262,-167.69
12.5,13,11.495,237,168.72,5.4008,-168.64
12.5,14,11.493,231,169.63,5.3582,-169.55
12.5,15,11.498,224,170.51,5.3105,-170.43
12.5,16,11.502,217,171.35,5.2648,-171.27
12.5,17,11.499,210,172.17,5.2284,-172.09
12.5,18,11.499,204,172.97,5.2069,-172.89
12.5,19,11.499,197,173.75,5.2047,-173.67
12.5,20,11.499,190,174.53,5.2254,-174.45
12.5,21,11.501,184,175.3,5.2712,-175.22
12.5,22,11.496,177,176.08,5.3449,-176
12.5,23,11.502,170,176.86,5.4468,-176.78
12.5,24,11.499,164,177.67,5.5805,-177.58
12.5,25,11.501,157,178.5,5.744,-178.41
12.5,26,11.5,151,179.37,5.9383,-179.27
12.5,27,11.498,145,180.27,6.1626,-180.16
12.5,28,12,139,181.22,6.4145,-181.11
12.5,29,11.999,131,182.23,6.6927,-182.1
12.5,30,12,124,183.3,6.9923,-183.16
12.5,31,11.996,117,184.44,7.3118,-184.29
12.5,32,11.996,111,185.66,7.6424,-185.5
12.5,33,12.003,104,186.96,7.9762,-186.79
12.5,34,11.999,97,188.35,8.3013,-188.17
12.5,35,11.999,91,189.84,8.6062,-189.65
12.5,36,11.998,84,191.42,8.8729,-191.22
12.5,37,12.003,78,193.1,9.081,-192.89
12.5,38,11.999,71,194.86,9.2103,-194.64
12.5,39,11.999,65,196.69,9.2294,-196.48
12.5,40,11.999,59,198.57,9.1176,-198.37
12.5,41,12.499,52,200.47,8.8372,-200.28
12.5,42,12.501,45,202.34,8.366,-202.17
12.5,43,12.494,39,204.14,7.6861,-203.99
12.5,44,12.501,32,205.8,6.7805,-205.69
12.5,45,12.499,25,207.26,5.6549,-207.18
12.5,46,12.501,19,208.45,4.3259,-208.41
12.5,47,12.499,12,209.32,2.8281,-209.3
12.5,48,12.499,6,212.94,1.2872,-212.93
12.5,49,12.5,1,2971.4,0.3521,-2971.4
13.5,0,NaN,NaN,922.06,4.4998,922.05
13.5,1,12.003,318,157.1,1.255,-157.09
13.5,2,12,311,157.55,2.2818,-157.54
13.5,3,11.998,304,158.23,3.2091,-158.2
13.5,4,11.999,298,159.11,4.0075,-159.06
13.5,5,12,291,160.11,4.661,-160.05
13.5,6,11.999,284,161.21,5.1667,-161.13
13.5,7,12,277,162.36,5.538,-162.26
13.5,8,12,271,163.51,5.7879,-163.41
13.5,9,11.996,264,164.65,5.9331,-164.54
13.5,10,12.002,257,165.76,6.0005,-165.65
13.5,11,12.001,251,166.82,6.0029,-166.71
13.5,12,12.001,244,167.83,5.9682,-167.73
13.5,13,11.999,238,168.8,5.9015,-168.69
13.5,14,12.494,233,169.71,5.8231,-169.61
13.5,15,12.498,225,170.58,5.7443,-170.49
13.5,16,12.495,217,171.42,5.671,-171.33
13.5,17,12.492,211,172.22,5.6119,-172.13
13.5,18,12.497,204,173,5.5722,-172.91
13.5,19,12.503,197,173.76,5.5569,-173.67
13.5,20,12.499,190,174.51,5.568,-174.42
13.5,21,12.499,184,175.25,5.6097,-175.16
13.5,22,12.5,177,176,5.6843,-175.91
13.5,23,12.499,170,176.75,5.7923,-176.66
13.5,24,12.5,164,177.53,5.9344,-177.43
13.5,25,12.496,157,178.33,6.1133,-178.22
13.5,26,12.503,150,179.16,6.3257,-179.05
13.5,27,12.497,144,180.03,6.5761,-179.91
13.5,28,12.504,137,180.96,6.8584,-180.83
13.5,29,12.5,132,181.94,7.1741,-181.8
13.5,30,13.002,126,182.98,7.5171,-182.83
13.5,31,12.998,118,184.11,7.8865,-183.94
13.5,32,12.999,111,185.32,8.2742,-185.14
13.5,33,13.003,104,186.63,8.6747,-186.43
13.5,34,12.998,97,188.04,9.0701,-187.82
13.5,35,13,91,189.55,9.4538,-189.32
13.5,36,12.999,84,191.19,9.8039,-190.94
13.5,37,13,78,192.94,10.1,-192.67
13.5,38,12.996,71,194.8,10.311,-194.53
13.5,39,13.006,65,196.76,10.412,-196.49
13.5,40,13.003,58,198.8,10.358,-198.53
13.5,41,13.499,54,200.89,10.122,-200.64
13.5,42,13.497,45,202.98,9.6578,-202.75
13.5,43,13.493,39,205.01,8.9401,-204.81
13.5,44,13.501,32,206.92,7.9426,-206.77
13.5,45,13.499,25,208.61,6.6653,-208.5
13.5,46,13.501,19,210.01,5.1242,-209.94
13.5,47,13.499,12,211.03,3.3628,-211
13.5,48,13.5,6,214.78,1.6016,-214.77
13.5,49,13.5,1,2971.6,0.58547,-2971.6
14.5,0,NaN,NaN,922.78,4.2413,922.77
14.5,1,13,319,155.94,1.4995,-155.93
14.5,2,12.999,312,156.49,2.7175,-156.47
14.5,3,12.999,305,157.32,3.8004,-157.27
14.5,4,12.999,298,158.35,4.7089,-158.28
14.5,5,13.001,291,159.53,5.4287,-159.44
14.5,6,12.998,284,160.8,5.9599,-160.69
14.5,7,12.996,278,162.09,6.3253,-161.97
14.5,8,12.999,271,163.36,6.5459,-163.23
14.5,9,13.001,264,164.6,6.6475,-164.46
14.5,10,12.999,257,165.78,6.6622,-165.64
14.5,11,13,251,166.89,6.6136,-166.75
14.5,12,12.997,244,167.93,6.5235,-167.8
14.5,13,12.999,237,168.91,6.4102,-168.79
14.5,14,13.006,231,169.83,6.288,-169.71
14.5,15,12.999,224,170.7,6.1702,-170.58
14.5,16,13.008,218,171.52,6.0652,-171.41
14.5,17,13.007,213,172.3,5.9788,-172.19
14.5,18,13.501,205,173.05,5.9174,-172.95
14.5,19,13.494,198,173.78,5.8858,-173.68
14.5,20,13.492,191,174.5,5.8875,-174.4
14.5,21,13.498,184,175.21,5.9232,-175.11
14.5,22,13.503,177,175.92,5.9963,-175.81
14.5,23,13.498,170,176.64,6.1085,-176.53
14.5,24,13.499,164,177.37,6.2601,-177.26
14.5,25,13.5,157,178.13,6.4528,-178.02
14.5,26,13.5,150,178.93,6.6867,-178.81
14.5,27,13.5,144,179.77,6.9606,-179.63
14.5,28,13.497,137,180.66,7.2756,-180.51
14.5,29,13.505,131,181.6,7.6302,-181.44
14.5,30,13.498,124,182.62,8.0203,-182.45
14.5,31,13.506,118,183.72,8.4436,-183.53
14.5,32,13.499,114,184.92,8.8953,-184.71
14.5,33,13.994,105,186.22,9.3664,-185.99
14.5,34,13.992,98,187.64,9.8467,-187.38
14.5,35,13.999,91,189.18,10.323,-188.9
14.5,36,14.001,84,190.86,10.772,-190.56
14.5,37,13.999,78,192.68,11.176,-192.36
14.5,38,13.997,71,194.65,11.497,-194.31
14.5,39,14.002,64,196.76,11.702,-196.41
14.5,40,13.996,58,198.98,11.748,-198.63
14.5,41,13.999,52,201.29,11.586,-200.96
14.5,42,14.495,46,203.64,11.156,-203.34
14.5,43,14.491,39,205.96,10.413,-205.7
14.5,44,14.5,32,208.18,9.3373,-207.97
14.5,45,14.499,25,210.16,7.8967,-210.02
14.5,46,14.501,19,211.83,6.1071,-211.74
14.5,47,14.499,12,213.06,4.0277,-213.02
14.5,48,14.499,6,216.89,1.9038,-216.88
14.5,49,14.5,1,2971.9,0.47286,-2971.9
15.5,0,NaN,NaN,923.41,4.0397,923.4
15.5,1,13.497,318,154.55,1.8133,-154.54
15.5,2,13.501,311,155.24,3.2711,-155.2
15.5,3,13.505,305,156.26,4.539,-156.19
15.5,4,13.497,298,157.52,5.5718,-157.43
15.5,5,13.504,291,158.93,6.3541,-158.8
15.5,6,13.499,286,160.4,6.8949,-160.25
15.5,7,13.997,279,161.86,7.2264,-161.7
15.5,8,13.998,271,163.27,7.3925,-163.11
15.5,9,13.999,264,164.61,7.4312,-164.44
15.5,10,13.996,257,165.86,7.3731,-165.7
15.5,11,13.997,251,167.02,7.252,-166.86
15.5,12,14.001,244,168.09,7.0956,-167.94
15.5,13,14,237,169.08,6.9218,-168.93
15.5,14,14,230,169.99,6.7477,-169.86
15.5,15,13.999,224,170.84,6.5843,-170.72
15.5,16,13.997,217,171.64,6.4405,-171.52
15.5,17,14.005,211,172.4,6.3238,-172.28
15.5,18,13.998,204,173.12,6.2383,-173.01
15.5,19,14.005,198,173.81,6.1891,-173.7
15.5,20,13.996,192,174.49,6.1778,-174.38
15.5,21,14.502,185,175.16,6.2063,-175.05
15.5,22,14.491,178,175.83,6.2785,-175.72
15.5,23,14.492,171,176.51,6.3939,-176.4
15.5,24,14.5,164,177.21,6.554,-177.09
15.5,25,14.502,157,177.93,6.7603,-177.8
15.5,26,14.498,150,178.68,7.014,-178.54
15.5,27,14.499,144,179.47,7.3132,-179.32
15.5,28,14.5,137,180.32,7.6614,-180.16
15.5,29,14.5,130,181.23,8.0546,-181.05
15.5,30,14.498,124,182.21,8.4952,-182.01
15.5,31,14.5,117,183.28,8.9745,-183.06
15.5,32,14.5,111,184.45,9.4952,-184.21
15.5,33,14.505,105,185.74,10.047,-185.47
15.5,34,14.996,100,187.15,10.622,-186.85
15.5,35,14.999,91,188.71,11.202,-188.38
15.5,36,14.999,84,190.43,11.773,-190.07
15.5,37,14.997,78,192.33,12.309,-191.93
15.5,38,15.001,71,194.39,12.774,-193.97
15.5,39,15,64,196.64,13.125,-196.2
15.5,40,14.997,58,199.06,13.306,-198.62
15.5,41,15.007,52,201.63,13.255,-201.2
15.5,42,15.001,46,204.3,12.906,-203.89
15.5,43,15.497,39,206.98,12.19,-206.62
15.5,44,15.502,32,209.58,11.038,-209.29
15.5,45,15.498,25,211.96,9.4201,-211.75
15.5,46,15.5,19,213.98,7.3455,-213.85
15.5,47,15.499,12,215.49,4.8724,-215.43
15.5,48,15.5,6,219.4,2.1577,-219.39
15.5,49,15.5,1,2972.3,0.56534,-2972.3
16.5,0,NaN,NaN,924.43,3.8243,924.43
16.5,1,14.501,318,152.86,2.2251,-152.84
16.5,2,14.499,311,153.75,3.9932,-153.7
16.5,3,14.499,305,155.05,5.4869,-154.95
16.5,4,14.499,298,156.62,6.648,-156.48
16.5,5,14.497,291,158.31,7.4759,-158.14
16.5,6,14.499,284,160.03,7.9973,-159.83
16.5,7,14.503,278,161.7,8.2703,-161.49
16.5,8,14.497,271,163.27,8.3497,-163.05
16.5,9,14.507,265,164.71,8.2824,-164.51
16.5,10,14.505,260,166.03,8.1268,-165.83
16.5,11,14.999,252,167.23,7.9153,-167.05
16.5,12,15.001,244,168.32,7.6767,-168.14
16.5,13,14.998,237,169.31,7.4304,-169.14
16.5,14,14.997,231,170.21,7.1938,-170.06
16.5,15,15,224,171.04,6.9789,-170.89
16.5,16,15,217,171.81,6.7934,-171.67
16.5,17,15,210,172.53,6.6422,-172.4
16.5,18,15,204,173.21,6.5303,-173.09
16.5,19,14.996,197,173.86,6.4604,-173.74
16.5,20,15.003,191,174.5,6.4359,-174.38
16.5,21,14.997,184,175.12,6.4564,-175.01
16.5,22,15.003,177,175.75,6.525,-175.63
16.5,23,15,172,176.38,6.6426,-176.26
16.5,24,15.498,165,177.03,6.8098,-176.9
16.5,25,15.493,158,177.7,7.0302,-177.56
16.5,26,15.496,151,178.4,7.3022,-178.25
16.5,27,15.502,144,179.15,7.6281,-178.98
16.5,28,15.501,137,179.95,8.0086,-179.77
16.5,29,15.498,130,180.81,8.4412,-180.61
16.5,30,15.501,124,181.74,8.9297,-181.53
16.5,31,15.499,117,182.77,9.4724,-182.53
16.5,32,15.501,111,183.91,10.065,-183.63
16.5,33,15.496,104,185.16,10.704,-184.85
16.5,34,15.506,98,186.56,11.378,-186.22
16.5,35,15.499,92,188.12,12.082,-187.74
16.5,36,15.997,85,189.87,12.793,-189.43
16.5,37,15.998,78,191.82,13.488,-191.34
16.5,38,16.003,71,193.98,14.127,-193.47
16.5,39,15.999,64,196.39,14.664,-195.84
16.5,40,15.999,58,199.02,15.039,-198.45
16.5,41,16,51,201.88,15.172,-201.31
16.5,42,16,45,204.9,14.962,-204.36
16.5,43,16.491,41,208.04,14.309,-207.54
16.5,44,16.5,32,211.13,13.133,-210.72
16.5,45,16.498,25,214.03,11.339,-213.73
16.5,46,16.5,19,216.53,8.9338,-216.34
16.5,47,16.499,12,218.42,5.9684,-218.34
16.5,48,16.5,6,222.71,2.5758,-222.69
16.5,49,16.5,1,2972.7,0.62476,-2972.7
17.5,0,NaN,NaN,925.77,3.7174,925.76
17.5,1,14.998,320,150.78,2.7853,-150.75
17.5,2,15.503,315,151.97,4.9648,-151.89
17.5,3,15.502,306,153.67,6.7277,-153.52
17.5,4,15.499,298,155.65,8.0209,-155.45
17.5,5,15.5,291,157.73,8.855,-157.49
17.5,6,15.499,284,159.76,9.3113,-159.49
17.5,7,15.498,278,161.66,9.466,-161.38
17.5,8,15.499,271,163.39,9.406,-163.12
17.5,9,15.497,264,164.94,9.2052,-164.68
17.5,10,15.501,257,166.32,8.9224,-166.08
17.5,11,15.499,251,167.55,8.5945,-167.33
17.5,12,15.503,244,168.64,8.2556,-168.43
17.5,13,15.496,239,169.61,7.9243,-169.42
17.5,14,16,232,170.49,7.619,-170.32
17.5,15,16.001,224,171.28,7.3467,-171.12
17.5,16,15.999,217,172.01,7.1144,-171.86
17.5,17,15.997,211,172.69,6.9274,-172.55
17.5,18,16,204,173.32,6.7871,-173.19
17.5,19,16.001,197,173.93,6.6962,-173.8
17.5,20,15.999,190,174.52,6.6572,-174.39
17.5,21,15.999,184,175.09,6.6677,-174.96
17.5,22,15.997,177,175.67,6.7333,-175.54
17.5,23,16.002,170,176.24,6.8522,-176.11
17.5,24,15.997,164,176.84,7.027,-176.7
17.5,25,16.003,157,177.45,7.2588,-177.31
17.5,26,16,151,178.1,7.5483,-177.94
17.5,27,15.998,146,178.79,7.8989,-178.62
17.5,28,16.499,138,179.53,8.3104,-179.34
17.5,29,16.498,131,180.34,8.7839,-180.13
17.5,30,16.503,124,181.22,9.3214,-180.98
17.5,31,16.499,117,182.2,9.9259,-181.93
17.5,32,16.499,111,183.28,10.592,-182.97
17.5,33,16.498,104,184.49,11.324,-184.15
17.5,34,16.5,97,185.86,12.109,-185.46
17.5,35,16.499,91,187.4,12.942,-186.95
17.5,36,16.506,85,189.15,13.813,-188.65
17.5,37,16.507,80,191.14,14.694,-190.57
17.5,38,16.999,71,193.38,15.544,-192.76
17.5,39,16.998,64,195.92,16.327,-195.24
17.5,40,17,58,198.8,16.966,-198.07
17.5,41,16.999,51,201.95,17.35,-201.21
17.5,42,17,45,205.42,17.375,-204.68
17.5,43,17.007,39,209.08,16.882,-208.39
17.5,44,17.499,33,212.81,15.747,-212.23
17.5,45,17.497,25,216.4,13.806,-215.96
17.5,46,17.499,19,219.57,11.011,-219.29
17.5,47,17.499,12,222.01,7.4304,-221.89
17.5,48,17.5,6,226.54,3.295,-226.52
17.5,49,17.5,1,2973.2,0.92167,-2973.2
18.5,0,NaN,NaN,927.34,3.623,927.34
18.5,1,15.999,318,148.15,3.5828,-148.1
18.5,2,16,311,149.82,6.3156,-149.69
18.5,3,16.001,305,152.12,8.3998,-151.89
18.5,4,15.995,298,154.69,9.7903,-154.38
18.5,5,16.006,292,157.26,10.569,-156.9
18.5,6,16.007,287,159.65,10.857,-159.28
18.5,7,16.499,279,161.81,10.826,-161.45
18.5,8,16.503,271,163.69,10.565,-163.35
18.5,9,16.502,264,165.33,10.189,-165.02
18.5,10,16.499,257,166.75,9.7374,-166.47
18.5,11,16.5,251,167.98,9.2721,-167.73
18.5,12,16.496,244,169.05,8.8169,-168.82
18.5,13,16.5,237,169.99,8.3925,-169.79
18.5,14,16.502,231,170.83,8.0119,-170.64
18.5,15,16.501,224,171.57,7.6777,-171.4
18.5,16,16.5,219,172.25,7.3977,-172.09
18.5,17,17.003,212,172.88,7.1718,-172.73
18.5,18,16.999,204,173.46,7.0035,-173.32
18.5,19,16.996,197,174.01,6.8893,-173.87
18.5,20,16.995,191,174.54,6.8351,-174.41
18.5,21,17,184,175.06,6.837,-174.93
18.5,22,17.001,177,175.58,6.8977,-175.45
18.5,23,16.999,170,176.1,7.0186,-175.96
18.5,24,16.999,164,176.64,7.1982,-176.49
18.5,25,16.998,157,177.2,7.4406,-177.04
18.5,26,17.002,151,177.78,7.7462,-177.61
18.5,27,16.997,144,178.41,8.1175,-178.22
18.5,28,17.004,137,179.09,8.5597,-178.88
18.5,29,17,131,179.83,9.0708,-179.6
18.5,30,17.492,129,180.64,9.6572,-180.38
18.5,31,17.499,118,181.55,10.321,-181.26
18.5,32,17.5,111,182.57,11.063,-182.23
18.5,33,17.503,104,183.72,11.886,-183.33
18.5,34,17.499,97,185.03,12.788,-184.59
18.5,35,17.499,91,186.53,13.768,-186.02
18.5,36,17.497,84,188.26,14.808,-187.67
18.5,37,17.504,78,190.25,15.905,-189.59
18.5,38,17.506,72,192.55,17.01,-191.8
18.5,39,17.997,65,195.21,18.089,-194.37
18.5,40,18.001,58,198.28,19.056,-197.36
18.5,41,18,51,201.78,19.823,-200.81
18.5,42,18.001,45,205.72,20.211,-204.72
18.5,43,18,38,210.04,20.031,-209.09
18.5,44,18.007,34,214.6,19.052,-213.75
18.5,45,18.494,26,219.11,17.016,-218.45
18.5,46,18.498,19,223.22,13.806,-222.8
18.5,47,18.5,12,226.47,9.4316,-226.27
18.5,48,18.5,6,231.52,4.0908,-231.48
18.5,49,18.5,1,2973.9,0.93669,-2973.9
19.5,0,NaN,NaN,929.49,3.5345,929.48
19.5,1,16.999,319,144.74,4.7821,-144.66
19.5,2,17,312,147.22,8.2729,-146.99
19.5,3,17.002,305,150.45,10.702,-150.07
19.5,4,17.003,298,153.85,12.103,-153.37
19.5,5,17,291,157.01,12.681,-156.5
19.5,6,17,284,159.82,12.692,-159.31
19.5,7,17.003,278,162.22,12.357,-161.75
19.5,8,17.001,271,164.24,11.824,-163.82
19.5,9,17.502,266,165.93,11.202,-165.55
19.5,10,17.498,258,167.35,10.557,-167.02
19.5,11,17.499,251,168.55,9.9283,-168.26
19.5,12,17.503,244,169.58,9.3448,-169.32
19.5,13,17.499,237,170.46,8.8193,-170.24
19.5,14,17.5,231,171.24,8.3581,-171.03
19.5,15,17.497,224,171.92,7.9619,-171.74
19.5,16,17.499,217,172.54,7.6323,-172.37
19.5,17,17.504,211,173.1,7.3688,-172.94
19.5,18,17.498,204,173.62,7.1724,-173.47
19.5,19,17.507,198,174.11,7.0375,-173.97
19.5,20,17.5,192,174.58,6.9687,-174.44
19.5,21,17.995,185,175.04,6.9613,-174.9
19.5,22,17.991,178,175.49,7.0175,-175.35
19.5,23,17.997,171,175.96,7.1376,-175.81
19.5,24,18.002,164,176.43,7.322,-176.28
19.5,25,18,157,176.92,7.5718,-176.76
19.5,26,17.999,151,177.44,7.893,-177.27
19.5,27,18,144,178,8.2844,-177.81
19.5,28,17.999,137,178.6,8.7501,-178.39
19.5,29,18.001,131,179.27,9.2968,-179.03
19.5,30,17.995,124,180.01,9.9272,-179.73
19.5,31,18.006,118,180.84,10.648,-180.52
19.5,32,18,112,181.77,11.462,-181.41
19.5,33,18.499,105,182.84,12.376,-182.42
19.5,34,18.498,98,184.07,13.392,-183.58
19.5,35,18.501,91,185.5,14.516,-184.93
19.5,36,18.501,84,187.16,15.744,-186.5
19.5,37,18.5,77,189.12,17.07,-188.35
19.5,38,18.495,71,191.43,18.47,-190.54
19.5,39,18.503,65,194.17,19.902,-193.14
19.5,40,18.995,59,197.41,21.3,-196.26
19.5,41,18.999,51,201.23,22.566,-199.96
19.5,42,18.999,45,205.67,23.499,-204.32
19.5,43,18.996,38,210.75,23.834,-209.4
19.5,44,18.999,32,216.34,23.255,-215.09
19.5,45,19.498,26,222.16,21.305,-221.13
19.5,46,19.497,19,227.65,17.672,-226.97
19.5,47,19.5,12,232.11,12.265,-231.79
19.5,48,19.5,6,238.04,5.5127,-237.97
19.5,49,19.5,1,2974.8,1.1098,-2974.8
20.5,0,NaN,NaN,932.96,3.5619,932.96
20.5,1,17.5,319,140.2,6.7327,-140.03
20.5,2,17.5,312,144.14,11.257,-143.7
20.5,3,17.495,305,148.83,13.961,-148.17
20.5,4,17.51,299,153.32,15.123,-152.57
20.5,5,17.995,292,157.2,15.275,-156.46
20.5,6,17.995,285,160.41,14.803,-159.73
20.5,7,17.999,278,163,14.025,-162.4
20.5,8,17.998,271,165.08,13.123,-164.56
20.5,9,17.998,264,166.77,12.209,-166.32
20.5,10,18.005,258,168.14,11.336,-167.76
20.5,11,18,252,169.27,10.532,-168.95
20.5,12,18.499,245,170.22,9.8149,-169.94
20.5,13,18.497,238,171.02,9.1846,-170.78
20.5,14,18.5,231,171.71,8.6436,-171.5
20.5,15,18.504,224,172.32,8.1863,-172.13
20.5,16,18.499,217,172.86,7.8103,-172.68
20.5,17,18.499,211,173.35,7.5105,-173.19
20.5,18,18.498,204,173.8,7.2883,-173.65
20.5,19,18.499,197,174.22,7.1352,-174.08
20.5,20,18.502,191,174.63,7.0505,-174.49
20.5,21,18.495,184,175.02,7.0336,-174.88
20.5,22,18.505,178,175.41,7.0862,-175.27
20.5,23,18.5,171,175.81,7.2049,-175.66
20.5,24,18.499,165,176.21,7.3908,-176.06
20.5,25,19.001,159,176.64,7.6496,-176.47
20.5,26,18.999,151,177.08,7.9807,-176.9
20.5,27,19.002,144,177.57,8.3878,-177.37
20.5,28,18.996,137,178.09,8.8779,-177.87
20.5,29,18.999,131,178.67,9.4549,-178.42
20.5,30,19.001,124,179.32,10.122,-179.04
20.5,31,18.999,117,180.06,10.892,-179.73
20.5,32,18.999,111,180.89,11.775,-180.51
20.5,33,18.998,104,181.86,12.774,-181.41
20.5,34,19.001,98,182.98,13.9,-182.45
20.5,35,19,92,184.3,15.165,-183.67
20.5,36,19.491,85,185.86,16.581,-185.12
20.5,37,19.496,78,187.73,18.144,-186.85
20.5,38,19.502,71,189.97,19.864,-188.93
20.5,39,19.5,64,192.71,21.698,-191.49
20.5,40,19.495,58,196.05,23.611,-194.62
20.5,41,19.991,54,200.1,25.528,-198.47
20.5,42,19.996,45,205.06,27.235,-203.24
20.5,43,20.001,38,210.99,28.411,-209.07
20.5,44,20.002,32,217.89,28.626,-216
20.5,45,20.002,26,225.48,27.116,-223.85
20.5,46,20.498,19,233.06,23.186,-231.91
20.5,47,20.501,12,239.44,16.435,-238.87
20.5,48,20.501,6,246.41,7.417,-246.3
20.5,49,20.5,1,2975.9,1.5705,-2975.9
21.5,0,NaN,NaN,938.15,3.9165,938.14
21.5,1,18.504,320,134.01,10.229,-133.62
21.5,2,18.499,312,140.76,16.005,-139.85
21.5,3,18.503,305,147.69,18.6,-146.52
21.5,4,18.498,298,153.55,19.041,-152.36
21.5,5,18.5,291,158.13,18.344,-157.06
21.5,6,18.499,285,161.62,17.131,-160.71
21.5,7,18.999,278,164.26,15.762,-163.51
21.5,8,19.004,271,166.3,14.402,-165.67
21.5,9,19.001,264,167.88,13.152,-167.36
21.5,10,19,257,169.14,12.033,-168.71
21.5,11,18.998,251,170.14,11.051,-169.79
21.5,12,18.997,244,170.97,10.198,-170.67
21.5,13,19.005,238,171.67,9.4678,-171.41
21.5,14,19.001,232,172.26,8.8525,-172.03
21.5,15,19,226,172.77,8.3394,-172.57
21.5,16,19.499,219,173.22,7.9232,-173.04
21.5,17,19.499,211,173.63,7.5931,-173.46
21.5,18,19.499,204,174,7.3458,-173.85
21.5,19,19.497,197,174.35,7.1759,-174.2
21.5,20,19.499,191,174.68,7.0809,-174.54
21.5,21,19.503,184,175.01,7.0563,-174.87
21.5,22,19.499,177,175.33,7.1031,-175.19
21.5,23,19.499,171,175.65,7.2186,-175.51
21.5,24,19.497,164,175.99,7.4066,-175.83
21.5,25,19.5,157,176.34,7.6691,-176.17
21.5,26,19.499,151,176.71,8.0088,-176.53
21.5,27,19.499,144,177.12,8.4276,-176.91
21.5,28,19.502,138,177.56,8.9345,-177.33
21.5,29,19.504,132,178.05,9.5356,-177.79
21.5,30,19.999,126,178.59,10.232,-178.3
21.5,31,19.999,118,179.22,11.046,-178.88
21.5,32,20.003,111,179.94,11.981,-179.54
21.5,33,20.001,104,180.77,13.053,-180.3
21.5,34,19.999,97,181.76,14.279,-181.19
21.5,35,19.997,91,182.92,15.678,-182.25
21.5,36,20,84,184.33,17.269,-183.52
21.5,37,19.999,78,186.05,19.071,-185.07
21.5,38,20.49,72,188.16,21.097,-186.97
21.5,39,20.496,64,190.78,23.382,-189.35
21.5,40,20.5,58,194.08,25.877,-192.35
21.5,41,20.497,51,198.26,28.594,-196.19
21.5,42,20.5,46,203.6,31.314,-201.18
21.5,43,21.005,38,210.36,33.814,-207.62
21.5,44,20.999,31,218.8,35.453,-215.91
21.5,45,20.996,25,228.86,35.173,-226.14
21.5,46,21.499,19,239.68,31.43,-237.61
21.5,47,21.502,12,249.36,22.869,-248.3
21.5,48,21.501,6,258.11,10.164,-257.91
21.5,49,21.5,1,2977.6,1.7438,-2977.6
22.5,0,NaN,NaN,945.67,5.5485,945.65
22.5,1,19.003,319,125.87,17.207,-124.69
22.5,2,18.997,312,138.03,23.843,-135.96
22.5,3,18.997,305,148.05,25.122,-145.9
22.5,4,19.488,299,155.22,23.884,-153.37
22.5,5,19.499,291,160.16,21.764,-158.67
22.5,6,19.499,284,163.62,19.496,-162.45
22.5,7,19.5,278,166.09,17.403,-165.18
22.5,8,19.497,271,167.91,15.553,-167.19
22.5,9,19.496,266,169.27,13.949,-168.7
22.5,10,20,259,170.32,12.591,-169.86
22.5,11,20.003,251,171.16,11.436,-170.77
22.5,12,20.001,244,171.83,10.462,-171.51
22.5,13,19.998,237,172.38,9.6471,-172.11
22.5,14,20,231,172.85,8.9682,-172.62
22.5,15,19.997,224,173.25,8.4113,-173.05
22.5,16,20,217,173.61,7.9603,-173.43
22.5,17,19.997,211,173.93,7.6071,-173.76
22.5,18,19.999,204,174.22,7.3418,-174.06
22.5,19,20.002,198,174.49,7.1585,-174.34
22.5,20,20,191,174.75,7.0527,-174.61
22.5,21,19.997,186,175,7.0228,-174.86
22.5,22,20.502,179,175.25,7.0638,-175.11
22.5,23,20.499,171,175.5,7.1774,-175.36
22.5,24,20.498,164,175.76,7.3656,-175.61
22.5,25,20.495,158,176.04,7.63,-175.87
22.5,26,20.502,151,176.33,7.973,-176.15
22.5,27,20.502,144,176.65,8.3998,-176.45
22.5,28,20.499,137,177,8.9166,-176.77
22.5,29,20.498,131,177.39,9.531,-177.13
22.5,30,20.497,124,177.83,10.253,-177.53
22.5,31,20.503,118,178.33,11.097,-177.99
22.5,32,20.499,111,178.92,12.07,-178.51
22.5,33,20.496,106,179.61,13.198,-179.12
22.5,34,20.999,98,180.42,14.501,-179.84
22.5,35,21.005,91,181.41,16.005,-180.7
22.5,36,20.999,84,182.61,17.749,-181.74
22.5,37,20.999,78,184.09,19.757,-183.03
22.5,38,20.995,71,185.96,22.088,-184.64
22.5,39,20.999,65,188.34,24.792,-186.7
22.5,40,21.5,58,191.41,27.907,-189.36
22.5,41,21.501,51,195.48,31.48,-192.93
22.5,42,21.5,45,200.9,35.496,-197.74
22.5,43,21.513,39,208.26,39.776,-204.42
22.5,44,21.997,31,218.23,43.823,-213.79
22.5,45,21.996,25,231.47,46.312,-226.79
22.5,46,21.994,20,247.61,44.363,-243.6
22.5,47,22.504,12,263.75,33.746,-261.58
22.5,48,22.501,6,275.64,13.714,-275.3
22.5,49,22.5,1,2979.7,-0.2042,-2979.7
23.5,0,NaN,NaN,952.65,12.763,952.56
23.5,1,19.499,319,117.97,32.359,-113.45
23.5,2,19.503,312,139.09,36.572,-134.19
23.5,3,20.003,305,151.71,33.647,-147.94
23.5,4,19.998,298,159.12,29.266,-156.41
23.5,5,20.004,292,163.65,25.14,-161.7
23.5,6,20.504,286,166.56,21.635,-165.15
23.5,7,20.503,278,168.52,18.768,-167.48
23.5,8,20.502,271,169.91,16.426,-169.11
23.5,9,20.499,264,170.92,14.514,-170.31
23.5,10,20.502,258,171.69,12.943,-171.2
23.5,11,20.496,251,172.29,11.652,-171.89
23.5,12,20.499,245,172.77,10.584,-172.44
23.5,13,21.004,239,173.16,9.7036,-172.89
23.5,14,20.999,231,173.49,8.9802,-173.25
23.5,15,20.997,224,173.77,8.3905,-173.57
23.5,16,20.997,218,174.02,7.9187,-173.84
23.5,17,21.004,211,174.24,7.5484,-174.08
23.5,18,21,204,174.44,7.2717,-174.29
23.5,19,20.999,197,174.63,7.079,-174.49
23.5,20,20.998,191,174.81,6.968,-174.67
23.5,21,20.998,184,174.99,6.9327,-174.85
23.5,22,21.001,178,175.17,6.97,-175.03
23.5,23,20.995,171,175.35,7.0802,-175.21
23.5,24,21.003,165,175.53,7.2659,-175.38
23.5,25,20.998,158,175.73,7.5294,-175.57
23.5,26,21.009,152,175.94,7.8732,-175.76
23.5,27,21.003,147,176.17,8.3015,-175.97
23.5,28,21.5,139,176.42,8.8219,-176.2
23.5,29,21.499,131,176.71,9.443,-176.46
23.5,30,21.496,125,177.04,10.174,-176.75
23.5,31,21.5,118,177.41,11.031,-177.07
23.5,32,21.502,111,177.85,12.031,-177.45
23.5,33,21.499,104,178.37,13.194,-177.88
23.5,34,21.497,98,179,14.548,-178.41
23.5,35,21.499,91,179.76,16.129,-179.03
23.5,36,21.5,85,180.7,17.976,-179.8
23.5,37,21.997,78,181.88,20.15,-180.76
23.5,38,21.998,71,183.39,22.72,-181.98
23.5,39,21.999,65,185.36,25.774,-183.56
23.5,40,21.995,58,187.99,29.44,-185.67
23.5,41,21.999,52,191.59,33.868,-188.57
23.5,42,22.505,45,196.66,39.233,-192.71
23.5,43,22.499,38,203.97,45.689,-198.78
23.5,44,22.499,32,214.89,53.227,-208.19
23.5,45,23.007,25,231.31,61.012,-223.12
23.5,46,23.002,18,255.58,65.558,-247.03
23.5,47,23.512,12,286.71,56.185,-281.15
23.5,48,23.506,6,309.64,15.84,-309.23
23.5,49,23.503,1,2980.8,-31.94,-2980.7
24.5,0,NaN,NaN,931.14,39.295,930.31
24.5,1,19.999,320,125.81,65.644,-107.33
24.5,2,20.498,312,150.49,54.469,-140.29
24.5,3,20.495,305,160.76,42.788,-154.96
24.5,4,20.992,299,165.82,34.067,-162.28
24.5,5,20.999,291,168.62,27.769,-166.32
24.5,6,21.001,285,170.33,23.118,-168.75
24.5,7,20.998,278,171.43,19.607,-170.31
24.5,8,21.5,273,172.2,16.89,-171.37
24.5,9,21.497,265,172.75,14.755,-172.12
24.5,10,21.502,258,173.16,13.049,-172.67
24.5,11,21.502,251,173.48,11.671,-173.09
24.5,12,21.499,244,173.74,10.55,-173.42
24.5,13,21.498,238,173.95,9.6337,-173.68
24.5,14,21.497,231,174.13,8.8845,-173.9
24.5,15,21.503,225,174.28,8.2815,-174.08
24.5,16,21.494,218,174.42,7.7984,-174.24
24.5,17,21.508,212,174.54,7.4241,-174.38
24.5,18,21.496,206,174.65,7.1392,-174.51
24.5,19,21.999,199,174.76,6.9383,-174.62
24.5,20,21.998,192,174.86,6.8269,-174.73
24.5,21,22,185,174.97,6.7903,-174.83
24.5,22,22.006,178,175.07,6.8219,-174.94
24.5,23,21.999,171,175.18,6.9222,-175.04
24.5,24,21.998,165,175.29,7.1048,-175.14
24.5,25,22.004,158,175.4,7.3644,-175.24
24.5,26,22,151,175.53,7.7033,-175.36
24.5,27,21.999,145,175.67,8.1226,-175.48
24.5,28,21.997,138,175.83,8.6412,-175.61
24.5,29,21.999,131,176.01,9.2593,-175.77
24.5,30,21.999,125,176.22,9.9857,-175.94
24.5,31,21.998,118,176.46,10.838,-176.13
24.5,32,21.999,112,176.75,11.842,-176.35
24.5,33,22.5,107,177.08,13.013,-176.61
24.5,34,22.49,99,177.5,14.388,-176.92
24.5,35,22.497,92,178.01,15.998,-177.29
24.5,36,22.504,85,178.65,17.898,-177.75
24.5,37,22.499,78,179.46,20.155,-178.33
24.5,38,22.501,72,180.52,22.873,-179.07
24.5,39,22.499,65,181.94,26.157,-180.05
24.5,40,23,59,183.88,30.21,-181.38
24.5,41,23.002,52,186.63,35.298,-183.26
24.5,42,22.996,45,190.67,41.774,-186.04
24.5,43,23,40,196.88,50.262,-190.35
24.5,44,23.507,32,207,61.701,-197.59
24.5,45,23.5,25,224.54,77.231,-210.84
24.5,46,24.014,18,256.93,97.236,-237.82
24.5,47,24.03,13,318.78,112.59,-298.24
24.5,48,24.584,6,421.67,50.098,-418.69
24.5,49,24.542,1,3060.7,-556.5,-3009.7
