r_start [cm] , z_start [cm] , r_end [cm] , t_end [us] , E_start [V/cm], Er_start [V/cm] , Ez_start [V/cm]
0.5,0,NaN,NaN,781.29,85.302,776.62
0.5,1,0.48198,318,88.264,-1.5286,-88.251
0.5,2,0.48689,310,87.358,0.061669,-87.358
0.5,3,0.48535,303,88.18,0.29318,-88.179
0.5,4,0.48422,295,89.623,0.4199,-89.622
0.5,5,0.48749,290,91.518,0.52604,-91.517
0.5,6,0.48267,280,93.817,0.62568,-93.815
0.5,7,0.48721,274,96.511,0.71699,-96.508
0.5,8,0.48735,265,99.569,0.80953,-99.566
0.5,9,0.48255,258,102.98,0.89438,-102.98
0.5,10,0.48615,253,106.74,0.97856,-106.73
0.5,11,0.49199,243,110.81,1.0567,-110.8
0.5,12,0.49113,236,115.2,1.133,-115.19
0.5,13,0.48966,229,119.88,1.2085,-119.87
0.5,14,0.48869,222,124.84,1.2784,-124.84
0.5,15,0.48927,215,130.09,1.3475,-130.08
0.5,16,0.49093,208,135.6,1.4098,-135.59
0.5,17,0.4934,201,141.35,1.4706,-141.34
0.5,18,0.49488,194,147.36,1.5333,-147.35
0.5,19,0.4878,190,153.6,1.5908,-153.59
0.5,20,0.48497,181,160.09,1.6488,-160.08
0.5,21,0.48601,174,166.8,1.7068,-166.79
0.5,22,0.49372,167,173.74,1.7628,-173.73
0.5,23,0.48712,163,180.9,1.8194,-180.89
0.5,24,0.48548,154,188.28,1.8744,-188.27
0.5,25,0.49332,147,195.87,1.9214,-195.86
0.5,26,0.48592,141,203.67,1.973,-203.66
0.5,27,0.49182,134,211.67,2.0209,-211.66
0.5,28,0.48621,128,219.83,2.0635,-219.82
0.5,29,0.49139,121,228.17,2.1012,-228.16
0.5,30,0.48691,115,236.64,2.1336,-236.63
0.5,31,0.4865,111,245.23,2.1586,-245.22
0.5,32,0.49,102,253.9,2.1734,-253.89
0.5,33,0.48793,96,262.61,2.1788,-262.6
0.5,34,0.48738,90,271.31,2.173,-271.31
0.5,35,0.48714,87,279.96,2.1476,-279.95
0.5,36,0.48682,77,288.49,2.1125,-288.48
0.5,37,0.48661,71,296.84,2.0566,-296.83
0.5,38,0.48622,65,304.92,1.9836,-304.92
0.5,39,0.48565,59,312.68,1.8851,-312.67
0.5,40,0.48506,53,320.01,1.7761,-320.01
0.5,41,0.48464,47,326.83,1.64,-326.82
0.5,42,0.4842,41,333.06,1.4721,-333.06
0.5,43,0.48446,35,338.61,1.2967,-338.61
0.5,44,0.48537,29,343.39,1.0917,-343.39
0.5,45,0.48683,25,347.28,0.84872,-347.28
0.5,46,0.48764,18,350.08,0.51011,-350.08
0.5,47,0.48739,12,350.91,-0.48102,-350.91
0.5,48,0.48648,6,350.84,-11.591,-350.64
0.5,49,0.50065,1,3584.9,-14.819,-3584.8
1.5,0,NaN,NaN,777.38,31.152,776.76
1.5,1,1.0001,319,86.009,-0.16298,-86.009
1.5,2,0.97789,311,86.843,0.48229,-86.842
1.5,3,0.99246,304,87.913,0.92287,-87.908
1.5,4,0.99193,296,89.41,1.2682,-89.401
1.5,5,0.9815,288,91.329,1.5845,-91.315
1.5,6,0.99255,281,93.641,1.8797,-93.622
1.5,7,0.97488,273,96.349,2.1554,-96.325
1.5,8,0.99261,265,99.419,2.4311,-99.389
1.5,9,0.98699,258,102.84,2.6915,-102.81
1.5,10,0.99082,251,106.61,2.9416,-106.57
1.5,11,1.0061,243,110.7,3.1789,-110.65
1.5,12,1.0043,236,115.09,3.4035,-115.04
1.5,13,0.99863,229,119.78,3.622,-119.73
1.5,14,0.99377,222,124.77,3.8325,-124.71
1.5,15,0.99393,215,130.01,4.0346,-129.95
1.5,16,0.99522,208,135.53,4.2278,-135.46
1.5,17,0.99745,201,141.29,4.4143,-141.22
1.5,18,0.99702,194,147.3,4.5952,-147.23
1.5,19,0.99283,187,153.55,4.7729,-153.48
1.5,20,0.99153,183,160.04,4.9482,-159.96
1.5,21,0.99249,174,166.76,5.1203,-166.68
1.5,22,0.98654,167,173.7,5.289,-173.62
1.5,23,0.98893,160,180.86,5.4545,-180.78
1.5,24,0.99273,154,188.25,5.6164,-188.17
1.5,25,0.98143,147,195.85,5.7717,-195.77
1.5,26,0.99574,141,203.65,5.9224,-203.57
1.5,27,0.97834,134,211.65,6.0649,-211.56
1.5,28,0.99045,128,219.83,6.1942,-219.74
1.5,29,1.0086,122,228.17,6.3087,-228.09
1.5,30,0.99239,116,236.66,6.4073,-236.57
1.5,31,0.99533,111,245.26,6.4826,-245.18
1.5,32,1.4944,107,253.95,6.5294,-253.87
1.5,33,1.4937,97,262.68,6.546,-262.6
1.5,34,1.4944,90,271.41,6.5238,-271.33
1.5,35,1.4887,84,280.09,6.4612,-280.01
1.5,36,1.4933,81,288.65,6.3493,-288.58
1.5,37,1.5015,71,297.02,6.1845,-296.96
1.5,38,1.504,65,305.14,5.9617,-305.08
1.5,39,1.5041,59,312.94,5.6796,-312.88
1.5,40,1.5031,53,320.3,5.3275,-320.25
1.5,41,1.5012,47,327.17,4.9247,-327.13
1.5,42,1.4987,41,333.43,4.4456,-333.4
1.5,43,1.4964,35,339.02,3.8941,-338.99
1.5,44,1.4948,29,343.84,3.2893,-343.83
1.5,45,1.494,26,347.81,2.5904,-347.8
1.5,46,1.4946,18,350.84,1.7463,-350.84
1.5,47,1.4949,12,352.96,0.52939,-352.96
1.5,48,1.495,6,358.93,-0.11052,-358.93
1.5,49,1.5,1,3579.3,0.90634,-3579.3
2.5,0,NaN,NaN,777.04,18.803,776.82
2.5,1,0.98814,319,85.514,0.48926,-85.512
2.5,2,1.0026,311,86.31,1.0391,-86.304
2.5,3,0.98329,304,87.459,1.6029,-87.444
2.5,4,1.5095,297,89.004,2.1375,-88.978
2.5,5,1.4945,289,90.948,2.65,-90.91
2.5,6,1.4935,281,93.293,3.1386,-93.24
2.5,7,1.4824,273,96.021,3.6079,-95.953
2.5,8,1.4991,265,99.117,4.0604,-99.033
2.5,9,1.4924,258,102.57,4.4931,-102.47
2.5,10,1.4941,252,106.36,4.907,-106.24
2.5,11,1.506,243,110.46,5.3043,-110.34
2.5,12,1.5038,236,114.89,5.6804,-114.75
2.5,13,1.4993,229,119.6,6.0421,-119.44
2.5,14,1.4968,222,124.6,6.3911,-124.43
2.5,15,1.4957,215,129.86,6.7269,-129.69
2.5,16,1.493,208,135.39,7.0467,-135.2
2.5,17,1.4878,201,141.16,7.3588,-140.97
2.5,18,1.4859,194,147.19,7.6637,-146.99
2.5,19,1.4928,190,153.45,7.9591,-153.24
2.5,20,1.4966,181,159.94,8.2516,-159.73
2.5,21,1.4907,174,166.67,8.5389,-166.45
2.5,22,1.5016,168,173.62,8.8177,-173.4
2.5,23,1.9996,162,180.8,9.0962,-180.57
2.5,24,1.9956,157,188.19,9.3639,-187.96
2.5,25,2.0052,147,195.8,9.6282,-195.56
2.5,26,1.9923,141,203.61,9.8783,-203.37
2.5,27,2.0062,134,211.62,10.117,-211.38
2.5,28,1.9952,128,219.82,10.337,-219.58
2.5,29,1.9986,121,228.18,10.531,-227.94
2.5,30,1.9958,115,236.7,10.696,-236.46
2.5,31,1.9944,111,245.33,10.826,-245.09
2.5,32,1.9854,102,254.06,10.91,-253.82
2.5,33,1.9884,96,262.83,10.94,-262.6
2.5,34,1.9931,90,271.6,10.91,-271.39
2.5,35,1.9953,84,280.33,10.807,-280.12
2.5,36,1.9924,79,288.96,10.626,-288.76
2.5,37,2.4968,73,297.4,10.359,-297.22
2.5,38,2.4844,66,305.58,9.9876,-305.42
2.5,39,2.5061,59,313.44,9.521,-313.3
2.5,40,2.5099,53,320.89,8.9456,-320.76
2.5,41,2.5066,47,327.82,8.2591,-327.71
2.5,42,2.5042,41,334.18,7.4643,-334.09
2.5,43,2.5011,35,339.83,6.5595,-339.77
2.5,44,2.4982,29,344.73,5.5429,-344.68
2.5,45,2.4964,26,348.8,4.4285,-348.77
2.5,46,2.4966,18,351.98,3.1909,-351.96
2.5,47,2.4968,12,354.3,1.8666,-354.29
2.5,48,2.4969,6,359.5,1.1104,-359.49
2.5,49,2.4999,1,3579.4,1.2727,-3579.4
3.5,0,NaN,NaN,777.22,13.535,777.1
3.5,1,1.4926,321,84.912,0.82752,-84.907
3.5,2,1.5027,311,85.666,1.5579,-85.652
3.5,3,1.4928,304,86.832,2.2969,-86.802
3.5,4,1.4972,296,88.41,3.0251,-88.358
3.5,5,1.9864,290,90.392,3.7316,-90.315
3.5,6,1.9922,281,92.77,4.4145,-92.665
3.5,7,1.9939,273,95.539,5.072,-95.404
3.5,8,2.006,265,98.666,5.7042,-98.501
3.5,9,2.0004,258,102.16,6.3133,-101.96
3.5,10,1.9939,251,105.97,6.8911,-105.75
3.5,11,2.0004,243,110.13,7.4453,-109.88
3.5,12,2.0019,236,114.58,7.9686,-114.3
3.5,13,1.9971,229,119.33,8.4784,-119.02
3.5,14,1.9916,222,124.35,8.9627,-124.02
3.5,15,1.9878,215,129.64,9.4277,-129.3
3.5,16,1.9837,208,135.19,9.878,-134.83
3.5,17,1.9904,204,140.98,10.312,-140.61
3.5,18,1.9992,195,147.02,10.735,-146.63
3.5,19,2.5048,189,153.3,11.15,-152.89
3.5,20,2.4968,181,159.8,11.557,-159.38
3.5,21,2.507,174,166.54,11.961,-166.11
3.5,22,2.5069,167,173.5,12.355,-173.06
3.5,23,2.4967,163,180.69,12.74,-180.24
3.5,24,2.4968,154,188.09,13.12,-187.64
3.5,25,2.4898,147,195.71,13.49,-195.25
3.5,26,2.4989,141,203.55,13.847,-203.08
3.5,27,2.4843,134,211.58,14.183,-211.1
3.5,28,2.4965,129,219.8,14.497,-219.32
3.5,29,2.9973,123,228.2,14.776,-227.72
3.5,30,3.0006,115,236.75,15.015,-236.27
3.5,31,2.9957,109,245.43,15.202,-244.96
3.5,32,3.0066,102,254.21,15.329,-253.75
3.5,33,2.9985,96,263.04,15.382,-262.59
3.5,34,2.9973,90,271.89,15.349,-271.46
3.5,35,2.9969,85,280.7,15.215,-280.29
3.5,36,2.9949,80,289.41,14.97,-289.02
3.5,37,3.0002,72,297.95,14.599,-297.59
3.5,38,3.0046,66,306.25,14.094,-305.92
3.5,39,3.4977,61,314.21,13.442,-313.92
3.5,40,3.4951,54,321.76,12.639,-321.51
3.5,41,3.508,47,328.82,11.679,-328.61
3.5,42,3.5074,41,335.27,10.564,-335.11
3.5,43,3.5035,35,341.04,9.2987,-340.91
3.5,44,3.5003,29,346.05,7.8782,-345.96
3.5,45,3.4977,26,350.21,6.3333,-350.16
3.5,46,3.4976,18,353.48,4.6751,-353.45
3.5,47,3.4978,12,355.81,2.9511,-355.8
3.5,48,3.4978,6,360.81,1.5632,-360.8
3.5,49,3.5,1,3579.7,1.0794,-3579.7
4.5,0,NaN,NaN,777.64,10.598,777.57
4.5,1,2.0056,319,84.082,1.1034,-84.075
4.5,2,1.994,311,84.836,2.0507,-84.811
4.5,3,1.9929,306,86.018,2.995,-85.966
4.5,4,1.9956,298,87.629,3.9246,-87.541
4.5,5,1.9927,289,89.651,4.8314,-89.521
4.5,6,2.4968,282,92.08,5.7109,-91.902
4.5,7,2.4964,277,94.885,6.5549,-94.658
4.5,8,2.4914,266,98.076,7.3716,-97.799
4.5,9,2.509,258,101.61,8.1459,-101.28
4.5,10,2.4955,251,105.48,8.8923,-105.11
4.5,11,2.4961,248,109.67,9.6029,-109.25
4.5,12,2.4959,236,114.18,10.279,-113.71
4.5,13,2.4909,229,118.96,10.927,-118.46
4.5,14,2.4874,222,124.02,11.548,-123.48
4.5,15,2.4913,218,129.35,12.141,-128.77
4.5,16,2.4969,212,134.92,12.718,-134.32
4.5,17,2.9964,205,140.74,13.275,-140.11
4.5,18,2.9905,195,146.8,13.815,-146.15
4.5,19,2.9955,188,153.09,14.346,-152.42
4.5,20,2.9973,181,159.62,14.865,-158.92
4.5,21,2.9952,174,166.37,15.382,-165.66
4.5,22,2.9901,167,173.34,15.889,-172.61
4.5,23,3.0002,161,180.54,16.392,-179.8
4.5,24,2.9984,155,187.96,16.882,-187.2
4.5,25,3.4957,148,195.61,17.362,-194.83
4.5,26,3.4986,141,203.45,17.826,-202.67
4.5,27,3.5076,134,211.52,18.267,-210.73
4.5,28,3.4976,128,219.77,18.677,-218.98
4.5,29,3.4918,121,228.21,19.049,-227.42
4.5,30,3.4956,115,236.82,19.368,-236.02
4.5,31,3.5034,109,245.56,19.627,-244.77
4.5,32,4.0053,104,254.41,19.805,-253.63
4.5,33,4.0044,96,263.33,19.888,-262.57
4.5,34,3.9954,90,272.27,19.86,-271.55
4.5,35,3.9981,86,281.19,19.707,-280.5
4.5,36,3.9966,77,290.02,19.407,-289.37
4.5,37,3.9902,71,298.69,18.945,-298.08
4.5,38,3.9856,65,307.12,18.307,-306.57
4.5,39,3.9986,60,315.23,17.474,-314.75
4.5,40,4.016,56,322.94,16.456,-322.52
4.5,41,4.4829,48,330.14,15.218,-329.79
4.5,42,4.5068,41,336.75,13.778,-336.47
4.5,43,4.505,35,342.67,12.14,-342.46
4.5,44,4.5015,29,347.81,10.313,-347.65
4.5,45,4.4984,26,352.09,8.3224,-351.99
4.5,46,4.4979,20,355.44,6.1859,-355.39
4.5,47,4.4983,12,357.82,3.9593,-357.79
4.5,48,4.4984,6,362.82,1.9086,-362.81
4.5,49,4.5,1,3579.8,1.0591,-3579.8
5.5,0,NaN,NaN,778.02,8.6866,777.98
5.5,1,2.4891,319,83.025,1.3684,-83.013
5.5,2,2.4827,311,83.792,2.5412,-83.753
5.5,3,2.5063,304,85.003,3.7007,-84.922
5.5,4,2.4962,299,86.654,4.8381,-86.518
5.5,5,2.5041,289,88.727,5.9479,-88.528
5.5,6,3.0097,282,91.211,7.0247,-90.94
5.5,7,3.0002,276,94.085,8.0617,-93.738
5.5,8,2.995,266,97.334,9.0589,-96.911
5.5,9,3.0049,258,100.93,10.011,-100.44
5.5,10,3.002,251,104.87,10.919,-104.3
5.5,11,2.9974,244,109.13,11.788,-108.49
5.5,12,2.9975,237,113.68,12.611,-112.98
5.5,13,2.9981,230,118.52,13.4,-117.76
5.5,14,3.0087,223,123.62,14.15,-122.81
5.5,15,3.0072,218,128.99,14.875,-128.13
5.5,16,3.4856,209,134.6,15.571,-133.7
5.5,17,3.4972,203,140.45,16.246,-139.51
5.5,18,3.4974,196,146.54,16.905,-145.56
5.5,19,3.4977,188,152.85,17.548,-151.84
5.5,20,3.4926,181,159.39,18.185,-158.35
5.5,21,3.4941,176,166.16,18.812,-165.09
5.5,22,3.9988,169,173.15,19.433,-172.05
5.5,23,3.9976,161,180.36,20.051,-179.24
5.5,24,4.005,154,187.8,20.651,-186.66
5.5,25,3.9974,147,195.46,21.245,-194.3
5.5,26,3.9979,141,203.34,21.821,-202.16
5.5,27,3.9941,137,211.43,22.373,-210.25
5.5,28,3.998,130,219.73,22.89,-218.54
5.5,29,4.4975,122,228.22,23.361,-227.02
5.5,30,4.5003,115,236.88,23.772,-235.69
5.5,31,4.4978,111,245.7,24.108,-244.52
5.5,32,4.4887,102,254.64,24.349,-253.47
5.5,33,4.4864,96,263.67,24.477,-262.53
5.5,34,4.4848,91,272.73,24.468,-271.63
5.5,35,4.9911,84,281.79,24.313,-280.74
5.5,36,5.0034,77,290.76,23.966,-289.77
5.5,37,5.0018,71,299.6,23.423,-298.68
5.5,38,4.9922,65,308.21,22.664,-307.38
5.5,39,4.9862,59,316.51,21.668,-315.77
5.5,40,4.9932,56,324.41,20.416,-323.76
5.5,41,4.9931,49,331.82,18.913,-331.28
5.5,42,5.4902,42,338.62,17.149,-338.18
5.5,43,5.5026,38,344.72,15.121,-344.39
5.5,44,5.5026,29,350.03,12.87,-349.79
5.5,45,5.499,26,354.46,10.4,-354.31
5.5,46,5.4983,19,357.93,7.7583,-357.84
5.5,47,5.4986,12,360.37,4.9804,-360.33
5.5,48,5.4987,6,365.27,2.3233,-365.26
5.5,49,5.5,1,3580.2,0.89107,-3580.2
6.5,0,NaN,NaN,778.73,7.4259,778.7
6.5,1,2.9964,321,81.738,1.6353,-81.721
6.5,2,3.0002,312,82.528,3.0367,-82.472
6.5,3,2.9865,304,83.78,4.4191,-83.663
6.5,4,2.9958,298,85.481,5.7746,-85.286
6.5,5,2.9966,292,87.619,7.0945,-87.331
6.5,6,2.9973,283,90.172,8.3704,-89.783
6.5,7,3.4971,274,93.122,9.6026,-92.626
6.5,8,3.5107,266,96.448,10.781,-95.844
6.5,9,3.496,259,100.13,11.905,-99.423
6.5,10,3.5013,251,104.14,12.979,-103.33
6.5,11,3.4946,244,108.47,14.001,-107.57
6.5,12,3.495,237,113.1,14.972,-112.1
6.5,13,3.4934,230,117.99,15.896,-116.92
6.5,14,3.9797,225,123.16,16.779,-122.01
6.5,15,3.9971,216,128.57,17.625,-127.36
6.5,16,3.9963,209,134.22,18.441,-132.95
6.5,17,3.9978,202,140.11,19.231,-138.79
6.5,18,3.9977,195,146.22,20.001,-144.85
6.5,19,3.9869,188,152.56,20.76,-151.14
6.5,20,4.4979,186,159.12,21.506,-157.66
6.5,21,4.5005,178,165.9,22.243,-164.41
6.5,22,4.4981,169,172.91,22.98,-171.38
6.5,23,4.4978,161,180.14,23.707,-178.58
6.5,24,4.4852,154,187.6,24.43,-186
6.5,25,4.498,149,195.28,25.141,-193.66
6.5,26,5.0044,141,203.19,25.836,-201.54
6.5,27,5.0038,134,211.32,26.503,-209.65
6.5,28,4.9982,128,219.66,27.136,-217.98
6.5,29,4.9936,121,228.22,27.718,-226.53
6.5,30,4.9969,118,236.95,28.232,-235.27
6.5,31,5.4973,109,245.86,28.659,-244.18
6.5,32,5.5083,102,254.9,28.979,-253.25
6.5,33,5.499,96,264.06,29.167,-262.44
6.5,34,5.4999,90,273.27,29.193,-271.7
6.5,35,5.5057,84,282.48,29.043,-280.99
6.5,36,5.9983,80,291.65,28.678,-290.23
6.5,37,6.0105,71,300.69,28.07,-299.37
6.5,38,6.0051,65,309.52,27.199,-308.32
6.5,39,5.9932,59,318.05,26.035,-316.99
6.5,40,5.9856,53,326.21,24.583,-325.28
6.5,41,5.993,50,333.86,22.804,-333.08
6.5,42,6.4986,48,340.89,20.703,-340.26
6.5,43,6.4961,36,347.23,18.294,-346.74
6.5,44,6.5036,29,352.75,15.588,-352.4
6.5,45,6.4996,26,357.35,12.62,-357.13
6.5,46,6.4984,19,360.97,9.425,-360.85
6.5,47,6.4987,12,363.51,6.0585,-363.46
6.5,48,6.499,6,368.59,2.7273,-368.58
6.5,49,6.5,1,3580.8,0.88609,-3580.8
7.5,0,NaN,NaN,779.59,6.3245,779.56
7.5,1,3.4886,320,80.218,1.9106,-80.195
7.5,2,3.4916,312,81.042,3.5462,-80.964
7.5,3,3.4988,305,82.342,5.1594,-82.18
7.5,4,3.4933,297,84.109,6.7374,-83.838
7.5,5,3.4877,289,86.319,8.2755,-85.922
7.5,6,3.4972,283,88.968,9.7552,-88.431
7.5,7,3.9961,275,92.006,11.175,-91.325
7.5,8,3.9928,267,95.431,12.543,-94.604
7.5,9,4.0048,259,99.212,13.846,-98.241
7.5,10,3.9977,252,103.32,15.081,-102.21
7.5,11,3.9955,244,107.73,16.253,-106.5
7.5,12,3.9874,237,112.43,17.366,-111.09
7.5,13,4.0223,231,117.41,18.424,-115.95
7.5,14,4.5058,223,122.63,19.432,-121.09
7.5,15,4.5021,216,128.11,20.401,-126.47
7.5,16,4.4984,209,133.8,21.326,-132.09
7.5,17,4.4927,202,139.73,22.231,-137.95
7.5,18,4.4913,195,145.87,23.11,-144.03
7.5,19,4.9901,189,152.24,23.973,-150.34
7.5,20,5.0051,181,158.82,24.83,-156.87
7.5,21,4.9982,174,165.62,25.681,-163.62
7.5,22,5,168,172.64,26.528,-170.59
7.5,23,4.9984,163,179.89,27.374,-177.79
7.5,24,5.4925,155,187.36,28.216,-185.23
7.5,25,5.4978,148,195.07,29.048,-192.89
7.5,26,5.4947,141,203.01,29.867,-200.8
7.5,27,5.5012,135,211.18,30.659,-208.94
7.5,28,5.9931,129,219.57,31.418,-217.31
7.5,29,5.9999,124,228.19,32.122,-225.92
7.5,30,5.9997,115,237.01,32.752,-234.74
7.5,31,6.0001,109,246.02,33.289,-243.76
7.5,32,6.0001,103,255.19,33.707,-252.95
7.5,33,6.5093,96,264.48,33.973,-262.29
7.5,34,6.4981,90,273.86,34.061,-271.74
7.5,35,6.4975,83,283.28,33.936,-281.24
7.5,36,6.4968,79,292.66,33.569,-290.73
7.5,37,6.9986,76,301.94,32.919,-300.14
7.5,38,7.0143,65,311.04,31.954,-309.39
7.5,39,7.0038,59,319.85,30.654,-318.38
7.5,40,6.9925,53,328.29,28.985,-327.01
7.5,41,6.9836,47,336.22,26.944,-335.14
7.5,42,7.0101,42,343.58,24.504,-342.7
7.5,43,7.4772,36,350.2,21.684,-349.52
7.5,44,7.5027,32,355.97,18.505,-355.49
7.5,45,7.5002,26,360.8,15.007,-360.49
7.5,46,7.4987,19,364.61,11.222,-364.44
7.5,47,7.4989,12,367.28,7.2212,-367.21
7.5,48,7.4991,6,372.4,3.2403,-372.39
7.5,49,7.5,1,3581.1,0.96944,-3581.1
8.5,0,NaN,NaN,780.46,5.8155,780.44
8.5,1,3.9961,321,78.459,2.1944,-78.429
8.5,2,3.9928,313,79.322,4.0744,-79.217
8.5,3,3.9904,305,80.686,5.9252,-80.468
8.5,4,3.9968,306,82.531,7.7321,-82.168
8.5,5,3.9974,290,84.839,9.4901,-84.307
8.5,6,3.9952,285,87.589,11.182,-86.872
8.5,7,4.5081,276,90.746,12.802,-89.838
8.5,8,4.506,267,94.281,14.355,-93.182
8.5,9,4.4993,262,98.171,15.829,-96.887
8.5,10,4.4997,252,102.39,17.227,-100.93
8.5,11,4.4976,245,106.91,18.552,-105.28
8.5,12,4.4995,238,111.7,19.804,-109.93
8.5,13,4.9987,232,116.76,20.991,-114.85
8.5,14,5.0018,226,122.06,22.117,-120.04
8.5,15,5.002,216,127.59,23.199,-125.47
8.5,16,4.9895,209,133.34,24.237,-131.12
8.5,17,5.0135,203,139.32,25.244,-137.01
8.5,18,5.4808,196,145.49,26.228,-143.11
8.5,19,5.5016,188,151.88,27.195,-149.43
8.5,20,5.498,184,158.48,28.16,-155.96
8.5,21,5.4964,175,165.29,29.116,-162.71
8.5,22,5.998,170,172.33,30.079,-169.69
8.5,23,6.0097,161,179.59,31.042,-176.89
8.5,24,5.9978,154,187.08,32.004,-184.33
8.5,25,5.9957,148,194.81,32.965,-192
8.5,26,6.4982,144,202.78,33.916,-199.92
8.5,27,6.497,135,210.99,34.849,-208.09
8.5,28,6.4973,128,219.44,35.736,-216.51
8.5,29,6.5024,122,228.13,36.579,-225.18
8.5,30,6.9851,116,237.04,37.345,-234.08
8.5,31,6.9971,109,246.17,38.01,-243.21
8.5,32,6.9951,102,255.48,38.546,-252.55
8.5,33,6.9849,96,264.94,38.909,-262.07
8.5,34,7.4992,91,274.51,39.085,-271.72
8.5,35,7.4993,85,284.16,39.014,-281.47
8.5,36,7.4957,77,293.79,38.668,-291.24
8.5,37,7.4852,71,303.36,37.995,-300.97
8.5,38,7.999,68,312.76,36.964,-310.57
8.5,39,8.0102,59,321.92,35.538,-319.95
8.5,40,8.0001,53,330.69,33.68,-328.98
8.5,41,7.9911,47,339,31.369,-337.55
8.5,42,7.9871,41,346.69,28.584,-345.51
8.5,43,8.5029,37,353.65,25.356,-352.74
8.5,44,8.5011,31,359.77,21.689,-359.11
8.5,45,8.5009,26,364.87,17.615,-364.45
8.5,46,8.4989,19,368.9,13.188,-368.67
8.5,47,8.499,12,371.75,8.4931,-371.65
8.5,48,8.4992,6,376.89,3.7472,-376.87
8.5,49,8.5,1,3581.9,1.0585,-3581.9
9.5,0,NaN,NaN,781.58,5.2594,781.56
9.5,1,4.5004,322,76.452,2.4915,-76.411
9.5,2,4.4997,314,77.365,4.6246,-77.227
9.5,3,4.4963,306,78.801,6.7224,-78.514
9.5,4,4.4911,298,80.746,8.769,-80.268
9.5,5,4.4959,293,83.17,10.748,-82.473
9.5,6,4.4971,283,86.048,12.66,-85.111
9.5,7,4.5236,276,89.337,14.484,-88.155
9.5,8,4.9882,268,93.007,16.22,-91.582
9.5,9,5.0048,260,97.028,17.875,-95.368
9.5,10,4.9982,254,101.37,19.434,-99.491
9.5,11,4.9913,245,106.01,20.9,-103.93
9.5,12,4.9945,241,110.91,22.288,-108.65
9.5,13,5.5011,231,116.06,23.599,-113.64
9.5,14,5.4974,224,121.45,24.844,-118.88
9.5,15,5.4986,219,127.05,26.029,-124.36
9.5,16,5.5011,210,132.86,27.17,-130.05
9.5,17,5.9984,205,138.87,28.276,-135.96
9.5,18,5.9972,196,145.09,29.357,-142.08
9.5,19,5.9987,189,151.5,30.423,-148.41
9.5,20,5.9926,182,158.12,31.488,-154.95
9.5,21,6.5004,178,164.94,32.553,-161.7
9.5,22,6.5078,168,171.99,33.624,-168.67
9.5,23,6.4947,161,179.25,34.706,-175.86
9.5,24,6.4979,155,186.76,35.793,-183.3
9.5,25,7.0117,148,194.51,36.888,-190.98
9.5,26,7.0006,141,202.5,37.976,-198.91
9.5,27,7.0006,135,210.76,39.047,-207.11
9.5,28,7.4989,132,219.26,40.097,-215.57
9.5,29,7.4977,122,228.03,41.088,-224.3
9.5,30,7.4929,115,237.04,42.005,-233.29
9.5,31,7.497,109,246.29,42.823,-242.54
9.5,32,7.9982,103,255.75,43.505,-252.02
9.5,33,8.0017,96,265.4,44.012,-261.73
9.5,34,8.0005,90,275.2,44.283,-271.62
9.5,35,8.4996,87,285.1,44.31,-281.64
9.5,36,8.5066,77,295.03,44.01,-291.73
9.5,37,8.4938,71,304.92,43.355,-301.83
9.5,38,8.4832,65,314.69,42.284,-311.84
9.5,39,8.9999,61,324.23,40.758,-321.66
9.5,40,9.0041,53,333.42,38.716,-331.16
9.5,41,8.9973,47,342.16,36.163,-340.24
9.5,42,8.9844,41,350.29,33.05,-348.72
9.5,43,9.0201,36,357.65,29.376,-356.44
9.5,44,9.4895,30,364.14,25.177,-363.27
9.5,45,9.5014,26,369.61,20.487,-369.04
9.5,46,9.4993,19,373.92,15.365,-373.61
9.5,47,9.4991,12,376.97,9.9076,-376.84
9.5,48,9.4995,6,382.28,4.3645,-382.26
9.5,49,9.5,1,3582.5,1.1029,-3582.5
10.5,0,NaN,NaN,782.72,4.8647,782.7
10.5,1,5.0085,323,74.184,2.8038,-74.131
10.5,2,5.0058,315,75.158,5.2034,-74.978
10.5,3,5.0036,307,76.688,7.5597,-76.315
10.5,4,4.9989,299,78.749,9.8549,-78.13
10.5,5,4.9915,291,81.316,12.075,-80.414
10.5,6,4.9971,289,84.339,14.206,-83.134
10.5,7,4.9973,276,87.784,16.235,-86.27
10.5,8,5.4904,269,91.614,18.167,-89.795
10.5,9,5.4963,261,95.785,19.992,-93.676
10.5,10,5.5,253,100.28,21.705,-97.899
10.5,11,5.4982,246,105.04,23.319,-102.42
10.5,12,5.4984,240,110.08,24.836,-107.24
10.5,13,6,233,115.34,26.262,-112.31
10.5,14,6.0041,224,120.81,27.609,-117.62
10.5,15,5.99,217,126.49,28.9,-123.15
10.5,16,6.0247,211,132.36,30.13,-128.89
10.5,17,6.5073,203,138.42,31.322,-134.83
10.5,18,6.4984,196,144.66,32.494,-140.97
10.5,19,6.4837,189,151.1,33.654,-147.3
10.5,20,6.999,186,157.73,34.812,-153.84
10.5,21,7.0056,175,164.55,35.984,-160.57
10.5,22,6.997,171,171.61,37.16,-167.53
10.5,23,6.9893,163,178.88,38.362,-174.72
10.5,24,7.5032,155,186.39,39.577,-182.14
10.5,25,7.4936,148,194.15,40.809,-189.82
10.5,26,7.5033,142,202.18,42.044,-197.75
10.5,27,8.0083,135,210.46,43.277,-205.96
10.5,28,7.999,128,219.02,44.48,-214.46
10.5,29,7.9948,122,227.87,45.651,-223.25
10.5,30,8.4863,116,236.98,46.746,-232.33
10.5,31,8.4993,109,246.36,47.74,-241.69
10.5,32,8.4979,104,256,48.59,-251.35
10.5,33,8.9983,97,265.86,49.259,-261.26
10.5,34,8.9989,90,275.9,49.684,-271.39
10.5,35,8.9986,85,286.08,49.828,-281.71
10.5,36,9.5151,79,296.35,49.628,-292.17
10.5,37,9.5102,71,306.61,49.021,-302.67
10.5,38,9.4944,65,316.79,47.952,-313.14
10.5,39,9.494,59,326.78,46.352,-323.47
10.5,40,10.012,53,336.46,44.166,-333.55
10.5,41,10.002,47,345.7,41.371,-343.22
10.5,42,9.9923,41,354.35,37.935,-352.31
10.5,43,9.9864,35,362.21,33.814,-360.63
10.5,44,10.483,30,369.17,29.067,-368.03
10.5,45,10.501,27,375.07,23.7,-374.32
10.5,46,10.5,20,379.73,17.812,-379.31
10.5,47,10.499,12,383.04,11.5,-382.87
10.5,48,10.499,6,388.44,5.012,-388.41
10.5,49,10.5,1,3583.2,1.2636,-3583.2
11.5,0,NaN,NaN,784.07,4.559,784.06
11.5,1,5.485,325,71.644,3.1359,-71.575
11.5,2,5.5074,316,72.693,5.8166,-72.46
11.5,3,5.512,308,74.336,8.4458,-73.854
11.5,4,5.5074,300,76.543,11.001,-75.748
11.5,5,5.4997,292,79.27,13.466,-78.118
11.5,6,5.4925,284,82.477,15.817,-80.946
11.5,7,5.5025,277,86.102,18.071,-84.184
11.5,8,6.0115,271,90.112,20.191,-87.821
11.5,9,6.0076,261,94.471,22.184,-91.83
11.5,10,5.9987,254,99.127,24.057,-96.163
11.5,11,5.9954,246,104.05,25.81,-100.8
11.5,12,6.0039,240,109.22,27.447,-105.71
11.5,13,6.5034,232,114.59,28.985,-110.87
11.5,14,6.4985,228,120.17,30.432,-116.26
11.5,15,6.5026,218,125.93,31.802,-121.85
11.5,16,6.9907,211,131.86,33.114,-127.64
11.5,17,7.0022,203,137.96,34.388,-133.6
11.5,18,6.9947,196,144.23,35.639,-139.76
11.5,19,7.5082,191,150.68,36.88,-146.1
11.5,20,7.4998,185,157.32,38.128,-152.63
11.5,21,7.4993,176,164.15,39.392,-159.35
11.5,22,7.4994,170,171.19,40.681,-166.29
11.5,23,8.0032,162,178.46,41.996,-173.45
11.5,24,7.9916,155,185.97,43.345,-180.85
11.5,25,7.9989,150,193.73,44.721,-188.5
11.5,26,8.4975,142,201.78,46.113,-196.44
11.5,27,8.4928,135,210.1,47.513,-204.66
11.5,28,8.4987,130,218.71,48.902,-213.18
11.5,29,9.0018,122,227.64,50.257,-222.02
11.5,30,8.9951,115,236.86,51.556,-231.18
11.5,31,9.0003,113,246.38,52.753,-240.67
11.5,32,9.5002,105,256.19,53.811,-250.48
11.5,33,9.4887,96,266.28,54.682,-260.6
11.5,34,9.997,91,276.59,55.304,-271
11.5,35,9.9992,85,287.1,55.618,-281.66
11.5,36,9.9917,77,297.73,55.547,-292.5
11.5,37,10.473,72,308.43,55.045,-303.48
11.5,38,10.506,65,319.08,54.016,-314.48
11.5,39,10.495,59,329.59,52.395,-325.4
11.5,40,10.992,54,339.83,50.106,-336.12
11.5,41,11.004,47,349.65,47.107,-346.46
11.5,42,10.997,41,358.89,43.33,-356.26
11.5,43,10.983,35,367.37,38.772,-365.32
11.5,44,11.5,31,374.91,33.425,-373.42
11.5,45,11.499,24,381.34,27.342,-380.36
11.5,46,11.5,20,386.43,20.593,-385.88
11.5,47,11.499,12,390.06,13.321,-389.83
11.5,48,11.499,6,395.74,5.6908,-395.7
11.5,49,11.5,1,3584.3,1.2422,-3584.3
12.5,0,NaN,NaN,785.46,4.2285,785.44
12.5,1,5.4989,327,68.812,3.4911,-68.724
12.5,2,5.5115,320,69.954,6.4731,-69.654
12.5,3,5.9951,310,71.736,9.3911,-71.119
12.5,4,6.003,304,74.121,12.221,-73.106
12.5,5,6.0078,293,77.047,14.937,-75.586
12.5,6,5.9993,285,80.463,17.535,-78.529
12.5,7,5.9952,277,84.306,19.993,-81.901
12.5,8,5.9982,273,88.53,22.308,-85.673
12.5,9,6.5114,262,93.089,24.48,-89.813
12.5,10,6.4992,257,97.938,26.51,-94.282
12.5,11,6.4899,247,103.04,28.394,-99.046
12.5,12,6.4976,241,108.35,30.144,-104.07
12.5,13,7,235,113.86,31.774,-109.34
12.5,14,6.9944,225,119.54,33.306,-114.81
12.5,15,6.9919,218,125.38,34.75,-120.47
12.5,16,7.5095,211,131.38,36.131,-126.31
12.5,17,7.4986,204,137.52,37.469,-132.31
12.5,18,7.4945,197,143.81,38.786,-138.48
12.5,19,8.0058,190,150.27,40.101,-144.82
12.5,20,7.998,183,156.9,41.428,-151.33
12.5,21,7.9923,176,163.72,42.782,-158.03
12.5,22,8.5139,169,170.74,44.174,-164.93
12.5,23,8.4929,162,177.99,45.602,-172.05
12.5,24,8.4989,158,185.49,47.086,-179.42
12.5,25,8.9977,149,193.25,48.608,-187.04
12.5,26,8.9935,142,201.3,50.166,-194.95
12.5,27,9.5081,137,209.65,51.751,-203.16
12.5,28,9.4987,129,218.32,53.335,-211.7
12.5,29,9.4834,122,227.31,54.905,-220.58
12.5,30,9.9959,116,236.64,56.427,-229.82
12.5,31,9.9985,109,246.31,57.86,-239.42
12.5,32,9.9983,103,256.31,59.168,-249.38
12.5,33,10.512,96,266.64,60.286,-259.73
12.5,34,10.498,90,277.24,61.146,-270.41
12.5,35,10.999,87,288.09,61.685,-281.41
12.5,36,11.004,77,299.14,61.823,-292.68
12.5,37,10.983,71,310.32,61.467,-304.17
12.5,38,11.508,65,321.51,60.544,-315.75
12.5,39,11.5,59,332.61,58.948,-327.35
12.5,40,11.489,53,343.51,56.62,-338.81
12.5,41,12.005,47,354.02,53.435,-349.96
12.5,42,12.001,41,363.96,49.355,-360.6
12.5,43,11.991,35,373.19,44.352,-370.54
12.5,44,12.013,30,381.43,38.389,-379.49
12.5,45,12.488,24,388.49,31.511,-387.21
12.5,46,12.501,20,394.14,23.812,-393.42
12.5,47,12.499,12,398.18,15.434,-397.88
12.5,48,12.5,6,404.07,6.6795,-404.01
12.5,49,12.5,1,3585.3,1.3366,-3585.3
13.5,0,NaN,NaN,787.07,3.9471,787.06
13.5,1,5.9976,332,65.67,3.8748,-65.556
13.5,2,5.9846,319,66.929,7.1813,-66.542
13.5,3,5.9958,311,68.885,10.408,-68.094
13.5,4,6.4978,305,71.481,13.525,-70.189
13.5,5,6.4866,295,74.642,16.511,-72.793
13.5,6,6.5036,286,78.314,19.35,-75.886
13.5,7,6.4971,278,82.411,22.034,-79.41
13.5,8,6.5017,271,86.878,24.548,-83.337
13.5,9,6.9977,264,91.667,26.893,-87.633
13.5,10,7.006,255,96.726,29.076,-92.252
13.5,11,6.9984,248,102.02,31.078,-97.169
13.5,12,6.9983,242,107.5,32.933,-102.33
13.5,13,7.5095,233,113.16,34.649,-107.72
13.5,14,7.4981,226,118.95,36.247,-113.3
13.5,15,7.4947,220,124.88,37.746,-119.04
13.5,16,7.9998,214,130.92,39.178,-124.93
13.5,17,7.9948,204,137.1,40.565,-130.96
13.5,18,8.4991,199,143.41,41.934,-137.14
13.5,19,8.5041,190,149.86,43.306,-143.46
13.5,20,8.4936,183,156.47,44.701,-149.95
13.5,21,8.9837,177,163.27,46.136,-156.61
13.5,22,8.9989,169,170.27,47.626,-163.47
13.5,23,8.998,163,177.48,49.175,-170.53
13.5,24,9.5018,156,184.95,50.787,-177.84
13.5,25,9.4928,149,192.7,52.465,-185.42
13.5,26,9.999,144,200.74,54.191,-193.28
13.5,27,9.999,137,209.11,55.975,-201.47
13.5,28,9.9864,129,217.81,57.776,-210.01
13.5,29,10.506,122,226.87,59.581,-218.91
13.5,30,10.499,116,236.3,61.351,-228.2
13.5,31,11,111,246.12,63.063,-237.9
13.5,32,10.999,103,256.32,64.651,-248.03
13.5,33,10.999,98,266.9,66.073,-258.59
13.5,34,11.51,90,277.81,67.22,-269.55
13.5,35,11.499,84,289.05,68.054,-280.93
13.5,36,11.999,81,300.56,68.452,-292.66
13.5,37,12.002,71,312.27,68.335,-304.7
13.5,38,11.983,65,324.07,67.583,-316.94
13.5,39,12.507,59,335.86,66.094,-329.29
13.5,40,12.498,53,347.48,63.749,-341.59
13.5,41,12.499,49,358.81,60.474,-353.68
13.5,42,13.002,41,369.61,56.139,-365.32
13.5,43,12.997,35,379.68,50.703,-376.28
13.5,44,12.986,29,388.81,44.099,-386.3
13.5,45,13.482,24,396.68,36.364,-395.01
13.5,46,13.501,20,403.01,27.58,-402.06
13.5,47,13.499,12,407.58,17.93,-407.19
13.5,48,13.5,6,413.81,7.8528,-413.74
13.5,49,13.5,1,3586.6,1.7516,-3586.6
14.5,0,NaN,NaN,788.98,3.7688,788.97
14.5,1,6.5014,329,62.192,4.2953,-62.043
14.5,2,6.4986,321,63.6,7.9546,-63.101
14.5,3,6.4946,312,65.775,11.515,-64.76
14.5,4,6.4863,304,68.636,14.937,-66.991
14.5,5,6.4985,297,72.083,18.204,-69.746
14.5,6,6.9968,288,76.043,21.293,-73.001
14.5,7,6.9987,284,80.433,24.203,-76.705
14.5,8,6.9994,272,85.172,26.918,-80.807
14.5,9,6.9992,265,90.229,29.436,-85.292
14.5,10,7.513,256,95.533,31.756,-90.1
14.5,11,7.4987,256,101.04,33.888,-95.184
14.5,12,7.5099,242,106.71,35.834,-100.51
14.5,13,7.9999,234,112.51,37.617,-106.04
14.5,14,7.9985,228,118.43,39.262,-111.73
14.5,15,8.4989,221,124.43,40.796,-117.56
14.5,16,8.505,212,130.53,42.256,-123.51
14.5,17,8.4867,205,136.73,43.672,-129.57
14.5,18,9.0087,198,143.04,45.074,-135.76
14.5,19,8.9985,191,149.47,46.488,-142.06
14.5,20,8.9997,185,156.05,47.937,-148.51
14.5,21,9.5009,177,162.8,49.446,-155.11
14.5,22,9.4907,170,169.75,51.024,-161.9
14.5,23,10.014,163,176.91,52.685,-168.89
14.5,24,9.9963,156,184.35,54.431,-176.13
14.5,25,9.999,151,192.05,56.264,-183.63
14.5,26,10.499,145,200.08,58.182,-191.43
14.5,27,10.49,136,208.44,60.16,-199.57
14.5,28,11.012,129,217.17,62.195,-208.07
14.5,29,10.999,124,226.29,64.26,-216.97
14.5,30,11.493,117,235.82,66.321,-226.3
14.5,31,11.499,109,245.77,68.339,-236.08
14.5,32,11.498,108,256.18,70.266,-246.35
14.5,33,12,99,267.01,72.02,-257.11
14.5,34,11.982,90,278.26,73.545,-268.36
14.5,35,12.501,84,289.92,74.735,-280.12
14.5,36,12.497,80,301.93,75.471,-292.35
14.5,37,13.007,73,314.22,75.665,-304.97
14.5,38,12.997,65,326.7,75.17,-317.94
14.5,39,13.007,60,339.26,73.868,-331.12
14.5,40,13.5,53,351.75,71.631,-344.38
14.5,41,13.494,47,363.99,68.343,-357.52
14.5,42,14.009,41,375.8,63.811,-370.35
14.5,43,14,35,386.94,57.951,-382.57
14.5,44,13.981,29,397.13,50.739,-393.88
14.5,45,14.499,25,405.99,42.083,-403.8
14.5,46,14.503,17,413.23,32.067,-411.98
14.5,47,14.499,14,418.49,20.932,-417.97
14.5,48,14.5,6,425.07,9.1709,-424.98
14.5,49,14.5,1,3588.1,1.7972,-3588.1
15.5,0,NaN,NaN,790.93,3.6348,790.92
15.5,1,6.9921,332,58.346,4.7634,-58.151
15.5,2,7.0007,323,59.951,8.8121,-59.3
15.5,3,7.0092,314,62.405,12.73,-61.093
15.5,4,6.9987,306,65.593,16.479,-63.49
15.5,5,6.9903,297,69.385,20.032,-66.431
15.5,6,6.9989,291,73.691,23.384,-69.883
15.5,7,7.5047,281,78.403,26.526,-73.78
15.5,8,7.4989,273,83.465,29.44,-78.101
15.5,9,7.489,265,88.811,32.137,-82.793
15.5,10,8.0061,260,94.384,34.606,-87.811
15.5,11,7.9985,252,100.12,36.842,-93.1
15.5,12,7.9918,242,106,38.865,-98.621
15.5,13,8.4964,235,111.97,40.693,-104.31
15.5,14,8.4912,227,118,42.36,-110.13
15.5,15,9.0003,222,124.09,43.904,-116.06
15.5,16,8.9991,213,130.23,45.366,-122.07
15.5,17,8.9986,206,136.44,46.785,-128.16
15.5,18,9.4998,203,142.73,48.197,-134.34
15.5,19,9.4965,194,149.12,49.635,-140.61
15.5,20,9.9849,185,155.64,51.126,-147.01
15.5,21,9.9974,177,162.32,52.689,-153.53
15.5,22,9.9971,172,169.2,54.354,-160.23
15.5,23,10.499,167,176.3,56.124,-167.13
15.5,24,10.499,157,183.66,58.001,-174.26
15.5,25,11.001,150,191.32,59.995,-181.67
15.5,26,10.991,143,199.31,62.099,-189.39
15.5,27,11.485,137,207.65,64.294,-197.45
15.5,28,11.499,132,216.39,66.581,-205.89
15.5,29,12,125,225.55,68.923,-214.76
15.5,30,12.002,116,235.15,71.306,-224.08
15.5,31,11.999,111,245.24,73.664,-233.92
15.5,32,12.508,103,255.84,75.974,-244.3
15.5,33,12.496,97,266.95,78.152,-255.25
15.5,34,13.008,90,278.56,80.11,-266.79
15.5,35,12.987,84,290.66,81.732,-278.93
15.5,36,13.499,79,303.21,82.919,-291.65
15.5,37,13.489,71,316.17,83.529,-304.94
15.5,38,14.018,65,329.4,83.409,-318.66
15.5,39,13.994,59,342.78,82.41,-332.73
15.5,40,14.509,53,356.23,80.383,-347.04
15.5,41,14.499,47,369.56,77.146,-361.42
15.5,42,14.499,45,382.57,72.56,-375.63
15.5,43,15.002,35,394.97,66.424,-389.35
15.5,44,14.991,29,406.47,58.571,-402.23
15.5,45,15,27,416.63,48.925,-413.75
15.5,46,15.505,17,425.03,37.537,-423.37
15.5,47,15.499,13,431.22,24.626,-430.52
15.5,48,15.499,6,438.25,10.653,-438.12
15.5,49,15.5,1,3589.9,2.1194,-3589.9
16.5,0,NaN,NaN,793.27,3.4885,793.27
16.5,1,6.9845,334,54.092,5.2947,-53.832
16.5,2,6.9905,325,55.965,9.78,-55.104
16.5,3,7.5149,318,58.788,14.089,-57.075
16.5,4,7.4943,308,62.384,18.179,-59.677
16.5,5,7.5013,299,66.584,22.034,-62.833
16.5,6,7.4982,294,71.281,25.648,-66.507
16.5,7,7.4986,284,76.369,29.013,-70.643
16.5,8,8.0107,274,81.779,32.149,-75.194
16.5,9,7.9921,266,87.454,35.027,-80.133
16.5,10,8.5152,260,93.32,37.635,-85.394
16.5,11,8.4994,253,99.332,39.974,-90.934
16.5,12,8.486,243,105.43,42.05,-96.68
16.5,13,8.9973,236,111.56,43.898,-102.57
16.5,14,8.99,228,117.71,45.555,-108.54
16.5,15,9.4993,224,123.87,47.074,-114.58
16.5,16,9.4989,213,130.03,48.506,-120.65
16.5,17,9.499,208,136.23,49.899,-126.76
16.5,18,10.006,199,142.48,51.296,-132.92
16.5,19,9.9856,192,148.81,52.734,-139.15
16.5,20,10.508,185,155.25,54.246,-145.46
16.5,21,10.491,178,161.84,55.856,-151.89
16.5,22,11.015,171,168.61,57.587,-158.47
16.5,23,10.993,164,175.62,59.457,-165.25
16.5,24,11.483,158,182.89,61.465,-172.25
16.5,25,11.497,150,190.47,63.625,-179.53
16.5,26,11.499,145,198.4,65.92,-187.13
16.5,27,11.999,137,206.7,68.352,-195.07
16.5,28,11.998,137,215.44,70.903,-203.44
16.5,29,12.508,123,224.61,73.537,-212.24
16.5,30,12.499,117,234.29,76.258,-221.53
16.5,31,13.004,110,244.49,79.019,-231.37
16.5,32,13.003,104,255.27,81.761,-241.82
16.5,33,13.502,97,266.63,84.417,-252.91
16.5,34,13.512,91,278.62,86.875,-264.72
16.5,35,14.009,84,291.19,89.056,-277.24
16.5,36,13.996,78,304.31,90.785,-290.45
16.5,37,14.503,71,317.99,91.916,-304.41
16.5,38,14.488,68,332.06,92.3,-318.98
16.5,39,15.003,59,346.41,91.731,-334.04
16.5,40,14.997,53,360.92,90.042,-349.51
16.5,41,15.5,47,375.48,87.076,-365.25
16.5,42,15.491,41,389.8,82.554,-380.96
16.5,43,16.013,35,403.77,76.224,-396.51
16.5,44,15.997,29,416.87,67.901,-411.31
16.5,45,15.987,26,428.76,57.262,-424.92
16.5,46,16.503,20,438.73,44.335,-436.49
16.5,47,16.499,13,446.19,29.285,-445.22
16.5,48,16.5,6,454.15,12.637,-453.97
16.5,49,16.5,1,3592,2.462,-3592
17.5,0,NaN,NaN,795.95,3.4212,795.95
17.5,1,7.5009,337,49.378,5.9166,-49.022
17.5,2,7.4987,330,51.633,10.904,-50.469
17.5,3,7.4975,321,54.95,15.635,-52.679
17.5,4,7.4985,310,59.061,20.08,-55.543
17.5,5,7.9986,304,63.757,24.228,-58.974
17.5,6,8.007,292,68.879,28.099,-62.887
17.5,7,7.9991,284,74.37,31.704,-67.273
17.5,8,8.5001,277,80.161,35.057,-72.088
17.5,9,8.5019,267,86.197,38.128,-77.305
17.5,10,8.508,260,92.398,40.886,-82.86
17.5,11,8.9975,252,98.711,43.319,-88.698
17.5,12,8.9922,244,105.05,45.428,-94.717
17.5,13,9.493,237,111.36,47.26,-100.84
17.5,14,9.4948,229,117.62,48.859,-106.99
17.5,15,9.9985,222,123.82,50.309,-113.14
17.5,16,9.996,214,129.98,51.669,-119.27
17.5,17,10.497,211,136.14,53.003,-125.4
17.5,18,10.499,200,142.32,54.356,-131.53
17.5,19,10.5,194,148.55,55.768,-137.68
17.5,20,10.999,186,154.88,57.277,-143.9
17.5,21,10.998,179,161.34,58.91,-150.2
17.5,22,11.499,173,167.99,60.704,-156.63
17.5,23,11.499,165,174.86,62.667,-163.24
17.5,24,11.998,158,182.02,64.811,-170.09
17.5,25,11.993,151,189.5,67.134,-177.21
17.5,26,12.514,144,197.35,69.629,-184.66
17.5,27,12.486,137,205.6,72.294,-192.47
17.5,28,13.002,133,214.29,75.117,-200.69
17.5,29,13,124,223.46,78.083,-209.38
17.5,30,13.515,117,233.16,81.162,-218.58
17.5,31,13.492,110,243.47,84.352,-228.39
17.5,32,14.002,104,254.41,87.572,-238.86
17.5,33,13.984,97,266.03,90.793,-250.06
17.5,34,14.499,91,278.37,93.872,-262.07
17.5,35,14.496,86,291.43,96.683,-274.93
17.5,36,15,78,305.24,99.106,-288.7
17.5,37,14.987,73,319.65,100.91,-303.31
17.5,38,15.501,65,334.64,101.9,-318.75
17.5,39,15.982,60,350.01,101.91,-334.84
17.5,40,15.999,53,365.75,100.74,-351.6
17.5,41,16.5,50,381.6,98.179,-368.75
17.5,42,16.499,41,397.54,93.981,-386.27
17.5,43,16.488,37,413.25,87.746,-403.83
17.5,44,17,29,428.45,79.14,-421.08
17.5,45,16.979,23,442.51,67.631,-437.31
17.5,46,17.503,18,454.69,52.984,-451.59
17.5,47,17.499,13,463.97,35.359,-462.62
17.5,48,17.5,6,472.96,15.431,-472.71
17.5,49,17.5,1,3594.5,3.1646,-3594.5
18.5,0,NaN,NaN,798.9,3.3594,798.89
18.5,1,7.4988,343,44.135,6.6798,-43.626
18.5,2,7.9994,332,46.968,12.254,-45.341
18.5,3,8.0144,321,50.97,17.44,-47.893
18.5,4,8.0019,312,55.723,22.223,-51.1
18.5,5,7.9916,303,60.959,26.64,-54.83
18.5,6,8.4997,296,66.558,30.751,-59.028
18.5,7,8.4994,288,72.465,34.603,-63.67
18.5,8,8.4837,277,78.656,38.185,-68.766
18.5,9,9.0038,269,85.078,41.47,-74.286
18.5,10,8.9998,261,91.666,44.405,-80.193
18.5,11,9.5036,253,98.322,46.932,-86.398
18.5,12,9.4933,245,104.93,49.043,-92.767
18.5,13,9.9919,238,111.43,50.799,-99.178
18.5,14,9.997,230,117.78,52.287,-105.54
18.5,15,10.492,223,123.99,53.604,-111.81
18.5,16,10.494,215,130.11,54.848,-117.99
18.5,17,10.999,211,136.18,56.082,-124.1
18.5,18,10.999,205,142.26,57.36,-130.18
18.5,19,11.5,195,148.36,58.714,-136.25
18.5,20,11.497,186,154.54,60.194,-142.34
18.5,21,11.999,181,160.84,61.832,-148.48
18.5,22,11.997,172,167.31,63.666,-154.73
18.5,23,11.996,167,174.03,65.725,-161.14
18.5,24,12.499,158,181.04,68.003,-167.78
18.5,25,13.017,155,188.39,70.493,-174.71
18.5,26,12.999,147,196.14,73.191,-181.97
18.5,27,13.002,139,204.3,76.088,-189.6
18.5,28,13.499,131,212.92,79.193,-197.65
18.5,29,13.515,127,222.05,82.48,-206.16
18.5,30,13.998,117,231.76,85.957,-215.23
18.5,31,14.502,111,242.11,89.597,-224.92
18.5,32,14.491,104,253.17,93.371,-235.32
18.5,33,14.997,98,265.03,97.209,-246.55
18.5,34,14.982,91,277.73,101.01,-258.71
18.5,35,15.499,86,291.35,104.64,-271.91
18.5,36,15.493,80,305.82,107.86,-286.17
18.5,37,15.999,72,321.13,110.49,-301.52
18.5,38,16.499,68,337.11,112.28,-317.86
18.5,39,16.487,59,353.61,112.99,-335.08
18.5,40,17.021,53,370.57,112.47,-353.09
18.5,41,16.989,47,387.9,110.61,-371.79
18.5,42,17.5,41,405.52,107.02,-391.15
18.5,43,17.488,35,423.38,101.31,-411.08
18.5,44,18.003,29,441.15,92.828,-431.27
18.5,45,17.988,23,458.1,80.697,-450.94
18.5,46,18.481,18,473.36,64.347,-468.97
18.5,47,18.499,14,485.4,43.566,-483.44
18.5,48,18.5,6,496.18,19.055,-495.82
18.5,49,18.5,1,3597.7,3.6906,-3597.7
19.5,0,NaN,NaN,802.35,3.2907,802.34
19.5,1,8.0031,344,38.278,7.6841,-37.499
19.5,2,7.9975,334,42.049,13.961,-39.664
19.5,3,7.9876,324,47.012,19.608,-42.728
19.5,4,8.0018,316,52.548,24.675,-46.395
19.5,5,8.501,308,58.355,29.292,-50.471
19.5,6,8.4934,296,64.408,33.617,-54.939
19.5,7,8.9998,289,70.71,37.693,-59.826
19.5,8,8.9993,279,77.292,41.55,-65.175
19.5,9,8.999,272,84.161,45.119,-71.044
19.5,10,9.5031,262,91.194,48.269,-77.372
19.5,11,9.5147,255,98.261,50.893,-84.054
19.5,12,10.001,246,105.21,52.977,-90.901
19.5,13,10.511,240,111.87,54.574,-97.659
19.5,14,10.498,231,118.26,55.837,-104.25
19.5,15,10.999,225,124.43,56.949,-110.63
19.5,16,10.994,216,130.44,58.016,-116.83
19.5,17,11.501,209,136.39,59.116,-122.91
19.5,18,11.497,201,142.32,60.29,-128.92
19.5,19,11.986,195,148.26,61.557,-134.87
19.5,20,11.99,187,154.25,62.973,-140.81
19.5,21,12.516,180,160.32,64.584,-146.74
19.5,22,12.491,173,166.57,66.447,-152.74
19.5,23,13.015,166,173.09,68.589,-158.92
19.5,24,12.99,159,179.92,71.009,-165.32
19.5,25,13.518,152,187.13,73.68,-172.02
19.5,26,13.488,145,194.75,76.588,-179.06
19.5,27,14.003,141,202.8,79.715,-186.47
19.5,28,14,132,211.31,83.083,-194.29
19.5,29,14.499,125,220.38,86.707,-202.6
19.5,30,14.482,118,230.03,90.579,-211.45
19.5,31,15.004,111,240.4,94.704,-220.96
19.5,32,14.999,106,251.53,99.047,-231.2
19.5,33,15.497,98,263.53,103.59,-242.32
19.5,34,15.995,92,276.59,108.22,-254.54
19.5,35,15.993,85,290.72,112.79,-267.95
19.5,36,16.503,78,305.98,117.06,-282.7
19.5,37,16.995,73,322.25,120.69,-298.79
19.5,38,16.999,67,339.4,123.42,-316.16
19.5,39,17.507,59,357.11,124.98,-334.52
19.5,40,17.48,53,375.38,125.29,-353.85
19.5,41,18.002,47,394.13,124.28,-374.03
19.5,42,18.512,41,413.51,121.71,-395.2
19.5,43,18.498,35,433.65,117.08,-417.54
19.5,44,19.016,29,454.49,109.54,-441.09
19.5,45,18.997,23,475.52,97.592,-465.4
19.5,46,19.498,21,495.33,79.789,-488.86
19.5,47,19.5,14,511.68,55.195,-508.69
19.5,48,19.499,6,525.51,24.647,-524.94
19.5,49,19.5,1,3601.6,4.6513,-3601.6
20.5,0,NaN,NaN,806.84,3.2949,806.83
20.5,1,7.9856,349,31.759,9.1565,-30.411
20.5,2,8.0064,339,37.153,16.277,-33.398
20.5,3,8.4981,328,43.433,22.306,-37.267
20.5,4,8.4995,318,49.795,27.487,-41.522
20.5,5,8.486,308,56.115,32.176,-45.975
20.5,6,9.0023,299,62.503,36.613,-50.657
20.5,7,8.9998,290,69.12,40.928,-55.7
20.5,8,9.5031,281,76.102,45.132,-61.275
20.5,9,9.4897,272,83.452,49.087,-67.489
20.5,10,10.001,264,91.069,52.577,-74.358
20.5,11,9.999,257,98.691,55.356,-81.704
20.5,12,10.5,250,106.02,57.317,-89.185
20.5,13,10.499,242,112.85,58.611,-96.431
20.5,14,10.999,232,119.18,59.516,-103.26
20.5,15,11.501,226,125.18,60.302,-109.69
20.5,16,11.495,217,130.99,61.136,-115.85
20.5,17,12,210,136.75,62.081,-121.84
20.5,18,11.993,202,142.51,63.136,-127.76
20.5,19,12.516,195,148.26,64.281,-133.6
20.5,20,12.489,188,154.01,65.576,-139.35
20.5,21,13.003,181,159.8,67.105,-145.03
20.5,22,12.995,174,165.76,68.978,-150.73
20.5,23,13.5,167,172,71.212,-156.56
20.5,24,13.49,160,178.63,73.785,-162.67
20.5,25,14.001,153,185.69,76.669,-169.12
20.5,26,13.986,146,193.18,79.779,-175.94
20.5,27,14.504,139,201.08,83.12,-183.1
20.5,28,14.48,134,209.46,86.751,-190.65
20.5,29,14.999,125,218.39,90.703,-198.66
20.5,30,15.5,119,227.96,94.966,-207.24
20.5,31,15.495,112,238.26,99.558,-216.46
20.5,32,16.015,105,249.38,104.51,-226.42
20.5,33,16.003,99,261.48,109.82,-237.31
20.5,34,16.499,92,274.77,115.42,-249.35
20.5,35,16.988,86,289.48,121.17,-262.9
20.5,36,16.992,79,305.61,126.73,-278.1
20.5,37,17.501,72,323.03,131.62,-295
20.5,38,18.016,66,341.47,135.45,-313.45
20.5,39,17.999,60,360.58,137.92,-333.16
20.5,40,18.506,53,380.08,139.05,-353.73
20.5,41,18.99,48,400.12,139.05,-375.18
20.5,42,18.99,41,421.09,137.88,-397.88
20.5,43,19.511,35,443.57,135.16,-422.47
20.5,44,19.481,29,468.06,129.9,-449.67
20.5,45,20.008,23,494.42,119.67,-479.72
20.5,46,20.016,18,521.12,101.53,-511.13
20.5,47,20.5,14,544.67,72.649,-539.8
20.5,48,20.499,6,563.52,33.135,-562.55
20.5,49,20.5,1,3606.9,6.4312,-3606.9
21.5,0,NaN,NaN,812.63,3.5372,812.62
21.5,1,8.4843,356,24.919,11.651,-22.027
21.5,2,8.4979,343,33.081,19.637,-26.622
21.5,3,8.4989,333,40.88,25.76,-31.743
21.5,4,8.4988,323,47.872,30.705,-36.729
21.5,5,9.0016,311,54.407,35.224,-41.466
21.5,6,8.9853,301,60.923,39.66,-46.246
21.5,7,9.5003,292,67.679,44.183,-51.267
21.5,8,9.5006,283,75.017,48.882,-56.904
21.5,9,9.9989,274,82.935,53.437,-63.425
21.5,10,10.016,266,91.351,57.548,-70.944
21.5,11,10.499,257,99.827,60.571,-79.352
21.5,12,10.997,249,107.63,62.25,-87.802
21.5,13,10.996,241,114.53,62.964,-95.672
21.5,14,11.501,233,120.61,63.24,-102.71
21.5,15,12.009,227,126.24,63.574,-109.07
21.5,16,11.997,218,131.72,64.129,-115.06
21.5,17,12.495,211,137.23,64.949,-120.88
21.5,18,12.486,203,142.84,65.912,-126.73
21.5,19,13.007,196,148.41,66.885,-132.48
21.5,20,12.989,189,153.87,67.975,-138.04
21.5,21,13.499,182,159.27,69.347,-143.38
21.5,22,13.498,175,164.83,71.188,-148.66
21.5,23,13.999,169,170.71,73.524,-154.07
21.5,24,13.999,162,177.1,76.322,-159.81
21.5,25,14.499,155,184.05,79.477,-166
21.5,26,14.999,148,191.45,82.789,-172.62
21.5,27,14.999,140,199.2,86.287,-179.54
21.5,28,15.515,133,207.36,90.122,-186.75
21.5,29,15.487,126,216.08,94.395,-194.37
21.5,30,16.009,119,225.52,99.064,-202.59
21.5,31,15.999,115,235.69,104.09,-211.46
21.5,32,16.499,106,246.65,109.56,-220.98
21.5,33,17.019,99,258.65,115.64,-231.36
21.5,34,17,93,272.06,122.37,-242.99
21.5,35,17.5,86,287.28,129.62,-256.38
21.5,36,18.009,80,304.43,136.87,-271.93
21.5,37,17.994,73,323.45,143.48,-289.88
21.5,38,18.497,66,343.56,148.56,-309.79
21.5,39,19,60,364.15,151.86,-330.98
21.5,40,19.498,56,384.84,153.69,-352.81
21.5,41,19.488,47,405.79,154.52,-375.21
21.5,42,20.005,41,427.66,154.9,-398.62
21.5,43,20.516,35,451.96,155.22,-424.47
21.5,44,20.495,29,480.27,154.21,-454.84
21.5,45,21.009,23,513.66,148.88,-491.61
21.5,46,20.978,17,550.97,133.5,-534.55
21.5,47,21.498,12,587.31,100.71,-578.61
21.5,48,21.498,6,616.11,47.482,-614.27
21.5,49,21.5,1,3614.3,9.0025,-3614.3
22.5,0,NaN,NaN,820.14,4.826,820.12
22.5,1,8.4984,369,20.612,16.643,-12.16
22.5,2,8.4928,348,31.627,24.67,-19.79
22.5,3,8.4984,337,40.372,30.311,-26.667
22.5,4,9.0015,324,47.156,34.155,-32.513
22.5,5,8.9868,314,53.249,38.265,-37.031
22.5,6,9.5039,304,59.726,42.566,-41.897
22.5,7,9.4898,294,66.094,47.133,-46.335
22.5,8,9.9996,285,73.972,52.745,-51.864
22.5,9,9.9829,277,82.418,58.001,-58.554
22.5,10,10.5,267,92.119,63.524,-66.712
22.5,11,11.008,258,102.26,67.155,-77.124
22.5,12,11.499,251,110.58,68.082,-87.141
22.5,13,11.498,242,117.32,67.665,-95.837
22.5,14,12.003,234,122.61,66.773,-102.84
22.5,15,12.499,228,127.59,66.632,-108.81
22.5,16,12.498,219,132.56,66.807,-114.49
22.5,17,12.994,212,137.64,67.67,-119.86
22.5,18,12.983,204,143.41,68.764,-125.85
22.5,19,13.502,197,148.81,69.381,-131.64
22.5,20,13.499,196,153.93,70.154,-137.01
22.5,21,13.999,184,158.75,71.133,-141.92
22.5,22,13.998,177,163.64,72.925,-146.49
22.5,23,14.498,168,169.16,75.424,-151.41
22.5,24,15.006,163,175.16,78.545,-156.56
22.5,25,14.997,154,182.21,82.23,-162.6
22.5,26,15.494,148,189.67,85.655,-169.22
22.5,27,15.5,141,197.18,89.171,-175.86
22.5,28,15.999,134,204.96,93.072,-182.61
22.5,29,15.998,130,213.32,97.682,-189.64
22.5,30,16.502,120,222.71,102.89,-197.52
22.5,31,16.986,114,232.78,108.23,-206.09
22.5,32,16.996,109,243.34,114,-214.98
22.5,33,17.499,100,254.89,120.76,-224.47
22.5,34,18.013,96,268.15,128.74,-235.23
22.5,35,17.991,89,283.79,137.86,-248.06
22.5,36,18.499,81,302.18,147.45,-263.77
22.5,37,19.016,73,323.2,156.48,-282.79
22.5,38,19.498,70,346.06,163.36,-305.08
22.5,39,19.478,60,368.38,166.9,-328.4
22.5,40,19.998,57,389.88,168.99,-351.35
22.5,41,20.508,47,411.33,169.97,-374.57
22.5,42,20.997,42,432.3,171.28,-396.92
22.5,43,20.989,35,457,175.68,-421.88
22.5,44,21.508,29,488.35,181.41,-453.4
22.5,45,21.486,24,529.74,186.51,-495.82
22.5,46,21.995,17,583.55,181.78,-554.52
22.5,47,22.494,12,644.18,149.99,-626.48
22.5,48,22.496,6,695.2,74.729,-691.17
22.5,49,22.5,1,3625.5,11.965,-3625.5
23.5,0,NaN,NaN,827.82,11.204,827.75
23.5,1,8.5022,374,28.673,28.498,-3.165
23.5,2,8.4941,357,33.446,30.326,-14.105
23.5,3,9.0125,340,43.971,37.744,-22.556
23.5,4,8.9871,328,47.659,36.308,-30.873
23.5,5,9.4959,318,51.557,41.207,-30.986
23.5,6,9.4889,307,60.328,45.673,-39.414
23.5,7,10.01,297,62.187,47.809,-39.769
23.5,8,10.004,288,74.26,58.231,-46.084
23.5,9,10.498,278,80.792,60.895,-53.096
23.5,10,10.998,269,92.952,71.964,-58.833
23.5,11,11.496,260,108.29,76.67,-76.471
23.5,12,11.498,252,114.87,74.582,-87.371
23.5,13,11.997,243,122.46,73.294,-98.109
23.5,14,12.508,235,124.71,68.785,-104.02
23.5,15,12.516,230,129.11,69.971,-108.5
23.5,16,12.997,220,133.76,68.554,-114.85
23.5,17,13.498,213,136.76,70.03,-117.48
23.5,18,13.482,205,145.03,72.534,-125.59
23.5,19,14.001,198,149.33,71.288,-131.21
23.5,20,13.999,192,154.53,72.612,-136.4
23.5,21,14.499,183,158.36,71.769,-141.17
23.5,22,14.999,179,161.69,74.241,-143.64
23.5,23,14.997,169,167.71,76.863,-149.06
23.5,24,15.487,163,171.91,79.861,-152.24
23.5,25,15.495,155,180.45,85.759,-158.76
23.5,26,16.002,151,188.19,88.299,-166.19
23.5,27,16.009,142,195.07,91.828,-172.11
23.5,28,16.499,136,202.42,95.271,-178.6
23.5,29,17.002,131,209.57,100.31,-184.01
23.5,30,16.997,121,219.77,106.87,-192.04
23.5,31,17.515,114,229.87,111.94,-200.78
23.5,32,17.505,108,239.5,117.46,-208.72
23.5,33,17.994,100,249.94,124.65,-216.64
23.5,34,18.499,94,262.46,133.98,-225.68
23.5,35,18.979,88,278.28,145.5,-237.22
23.5,36,18.984,85,298.08,158.25,-252.6
23.5,37,19.498,76,321.82,171.24,-272.48
23.5,38,20,67,350.46,181.97,-299.51
23.5,39,20.51,60,374.67,182.35,-327.3
23.5,40,21.026,54,394.57,185.15,-348.43
23.5,41,20.996,48,419.86,185.67,-376.57
23.5,42,21.497,41,432.84,182.59,-392.45
23.5,43,21.985,36,456.79,195.39,-412.89
23.5,44,21.989,29,488.41,206.6,-442.57
23.5,45,22.5,23,533.94,231.02,-481.38
23.5,46,23.006,18,613.31,254.11,-558.2
23.5,47,22.993,12,719.65,245.25,-676.58
23.5,48,23.494,6,835.89,138.51,-824.33
23.5,49,23.501,1,3643.9,-13.747,-3643.8
24.5,0,NaN,NaN,831.18,38.453,830.29
24.5,1,8.4991,379,63.669,61.265,-17.331
24.5,2,8.5009,365,19.91,11.303,-16.391
24.5,3,8.9995,344,74.953,71.811,-21.473
24.5,4,9.497,333,55.637,26.759,-48.779
24.5,5,9.5066,324,55.461,53.164,15.795
24.5,6,9.999,311,78.205,53.928,-56.637
24.5,7,10,303,29.377,17.271,-23.764
24.5,8,10.5,290,98.217,85.378,-48.551
24.5,9,10.997,281,75.108,45.616,-59.668
24.5,10,10.993,272,112.1,109.33,-24.775
24.5,11,11.497,262,129.57,92.085,-91.156
24.5,12,11.997,257,104.5,68.849,-78.615
24.5,13,12.499,244,139.83,86.019,-110.25
24.5,14,13.008,236,124.96,57.998,-110.68
24.5,15,12.999,232,136.34,86.541,-105.35
24.5,16,13.497,221,140.97,65.688,-124.73
24.5,17,14.004,214,115.98,69.023,-93.203
24.5,18,13.982,206,156.3,81.98,-133.08
24.5,19,14.5,199,146.6,63.677,-132.05
24.5,20,14.499,193,161.09,82.757,-138.21
24.5,21,14.999,187,161.09,66.874,-146.56
24.5,22,15.499,179,151.88,81.117,-128.41
24.5,23,15.497,170,171.85,78.313,-152.97
24.5,24,15.995,164,158.27,70.243,-141.82
24.5,25,15.996,159,184.2,95.963,-157.23
24.5,26,16.503,149,188.42,87.601,-166.82
24.5,27,16.499,146,193.16,98.182,-166.35
24.5,28,16.998,135,202,95.591,-177.95
24.5,29,17.503,129,198.04,97.777,-172.22
24.5,30,17.493,122,218.98,112.98,-187.59
24.5,31,18.003,115,227.84,114.78,-196.81
24.5,32,18.499,109,235.18,119.06,-202.82
24.5,33,18.493,104,243.53,126.27,-208.23
24.5,34,18.999,96,254.35,136.85,-214.39
24.5,35,19.51,88,269.49,151.38,-222.96
24.5,36,19.973,82,292.35,169.79,-237.99
24.5,37,20.019,75,314.41,185.16,-254.11
24.5,38,20.494,69,358.74,215.11,-287.09
24.5,39,20.998,61,391.33,177.48,-348.77
24.5,40,21.5,54,385.66,202.81,-328.03
24.5,41,22.02,48,466.89,228.83,-406.96
24.5,42,21.977,42,407.53,166.59,-371.93
24.5,43,22.499,36,449.45,229.47,-386.46
24.5,44,23.013,30,471.94,195.68,-429.46
24.5,45,22.994,24,503.5,274.47,-422.11
24.5,46,23.498,19,646.5,356.35,-539.42
24.5,47,24,15,786.39,422.94,-662.97
24.5,48,24.496,8,1164,430.56,-1081.5
24.5,49,24.52,1,3786.4,-679.86,-3724.9
